-1 0.000000 999.902893 0.000000 0.000000 10.000000 0.000000 
1 -0.350596 998.948669 0.000000 0.001930 9.998890 0.000000 
2 0.888181 1000.515259 0.000000 -0.000943 10.001998 0.000000 
3 1.000031 1000.055115 0.000000 -0.000023 10.002033 0.000000 
4 -0.435940 1000.850647 0.000000 -0.001871 9.999499 0.000000 
5 -0.389715 998.971741 0.000000 0.001898 9.998817 0.000000 
6 -0.549317 999.082031 0.000000 0.001725 9.998530 0.000000 
7 -0.851654 999.425598 0.000000 0.001085 9.998050 0.000000 
8 0.599050 999.304932 0.000000 0.001633 10.000874 0.000000 
9 0.997229 999.969299 0.000000 0.000157 10.001990 0.000000 
10 -0.999482 999.998169 0.000000 -0.000061 9.997985 0.000000 
11 -0.916336 999.559509 0.000000 0.000831 9.997971 0.000000 
12 0.346871 998.920837 0.000000 0.001949 10.000303 0.000000 
13 0.626337 1000.875305 0.000000 -0.001599 10.001603 0.000000 
14 -0.979148 999.760925 0.000000 0.000422 9.997928 0.000000 
15 -0.692211 999.201233 0.000000 0.001486 9.998289 0.000000 
16 -0.998977 1000.010498 0.000000 -0.000087 9.997992 0.000000 
17 -0.758415 1000.586060 0.000000 -0.001345 9.998739 0.000000 
18 -0.744138 999.264038 0.000000 0.001378 9.998206 0.000000 
19 -0.998566 999.917847 0.000000 0.000109 9.997952 0.000000 
20 0.999598 1000.009888 0.000000 0.000072 10.002013 0.000000 
21 0.762788 999.429199 0.000000 0.001325 10.001271 0.000000 
22 -0.942633 1000.285400 0.000000 -0.000687 9.998229 0.000000 
23 0.414480 1001.024658 0.000000 -0.001874 10.001229 0.000000 
24 0.411193 998.935120 0.000000 0.001898 10.000444 0.000000 
25 -0.876171 999.471558 0.000000 0.000999 9.998017 0.000000 
26 0.385646 1001.041626 0.000000 -0.001900 10.001176 0.000000 
27 -0.666492 1000.660767 0.000000 -0.001534 9.998965 0.000000 
28 0.174439 998.903198 0.000000 0.002042 9.999934 0.000000 
29 -0.870936 999.461182 0.000000 0.001018 9.998024 0.000000 
30 -0.308652 998.927063 0.000000 0.001960 9.998969 0.000000 
31 0.971534 1000.281006 0.000000 -0.000485 10.002071 0.000000 
32 0.509031 1000.977173 0.000000 -0.001765 10.001399 0.000000 
33 0.750599 999.417908 0.000000 0.001352 10.001241 0.000000 
34 0.975195 1000.264709 0.000000 -0.000453 10.002072 0.000000 
35 0.981319 999.856262 0.000000 0.000398 10.001907 0.000000 
36 0.873454 1000.545044 0.000000 -0.000999 10.001980 0.000000 
37 0.971189 1000.282349 0.000000 -0.000488 10.002071 0.000000 
38 0.826808 1000.627441 0.000000 -0.001154 10.001917 0.000000 
39 -0.259409 1000.900635 0.000000 -0.002005 9.999886 0.000000 
40 -0.054069 998.909607 0.000000 0.002068 9.999465 0.000000 
41 0.534602 999.273254 0.000000 0.001722 10.000725 0.000000 
42 0.654698 1000.846375 0.000000 -0.001551 10.001650 0.000000 
43 0.912535 999.653259 0.000000 0.000839 10.001677 0.000000 
44 -0.917580 1000.342590 0.000000 -0.000816 9.998307 0.000000 
45 -0.652937 999.178101 0.000000 0.001567 9.998353 0.000000 
46 0.819473 1000.639282 0.000000 -0.001176 10.001906 0.000000 
47 -0.541646 1000.807617 0.000000 -0.001752 9.999260 0.000000 
48 0.212161 998.903137 0.000000 0.002027 10.000013 0.000000 
49 -0.393215 998.973938 0.000000 0.001895 9.998811 0.000000 
50 -0.938115 999.617004 0.000000 0.000719 9.997950 0.000000 
51 -0.380452 1000.864075 0.000000 -0.001920 9.999623 0.000000 
52 0.900095 999.629395 0.000000 0.000893 10.001639 0.000000 
53 0.474260 1000.983765 0.000000 -0.001813 10.001338 0.000000 
54 -0.993448 999.850952 0.000000 0.000238 9.997936 0.000000 
55 0.704800 999.378357 0.000000 0.001449 10.001127 0.000000 
56 -0.090891 1000.902649 0.000000 -0.002064 10.000240 0.000000 
57 0.827069 999.519043 0.000000 0.001146 10.001438 0.000000 
58 0.805197 1000.661743 0.000000 -0.001216 10.001886 0.000000 
59 0.667824 1000.832642 0.000000 -0.001527 10.001672 0.000000 
60 -0.842144 1000.487610 0.000000 -0.001115 9.998521 0.000000 
61 -0.895719 1000.404419 0.000000 -0.000922 9.998372 0.000000 
62 -0.604193 999.129944 0.000000 0.001646 9.998435 0.000000 
63 -0.340150 998.943970 0.000000 0.001938 9.998910 0.000000 
64 0.688789 1000.809326 0.000000 -0.001488 10.001706 0.000000 
65 0.187060 1001.133667 0.000000 -0.002027 10.000798 0.000000 
66 -0.136719 998.933777 0.000000 0.002054 9.999300 0.000000 
67 0.220601 998.903259 0.000000 0.002023 10.000031 0.000000 
68 0.880146 1000.531860 0.000000 -0.000974 10.001987 0.000000 
69 0.994378 1000.148621 0.000000 -0.000217 10.002062 0.000000 
70 0.990705 1000.178467 0.000000 -0.000278 10.002068 0.000000 
71 -0.990356 1000.101929 0.000000 -0.000284 9.998050 0.000000 
72 -0.491101 1000.828735 0.000000 -0.001812 9.999375 0.000000 
73 -0.208422 998.959167 0.000000 0.002030 9.999160 0.000000 
74 0.963857 1000.311401 0.000000 -0.000546 10.002069 0.000000 
75 -0.993763 1000.076233 0.000000 -0.000229 9.998032 0.000000 
76 0.533270 999.272705 0.000000 0.001723 10.000721 0.000000 
77 -0.128262 1000.901306 0.000000 -0.002055 10.000163 0.000000 
78 -0.254928 1000.900879 0.000000 -0.002007 9.999895 0.000000 
79 0.393406 998.929810 0.000000 0.001914 10.000405 0.000000 
80 0.517098 1000.970825 0.000000 -0.001755 10.001413 0.000000 
81 1.000127 1000.040710 0.000000 0.000007 10.002028 0.000000 
82 -0.934867 1000.304382 0.000000 -0.000729 9.998254 0.000000 
83 -0.198590 1000.902649 0.000000 -0.002033 10.000015 0.000000 
84 0.962296 1000.317078 0.000000 -0.000557 10.002068 0.000000 
85 0.327535 1001.074890 0.000000 -0.001946 10.001067 0.000000 
86 0.566983 999.287659 0.000000 0.001679 10.000799 0.000000 
87 0.689863 1000.808289 0.000000 -0.001485 10.001708 0.000000 
88 -0.671958 999.178589 0.000000 0.001524 9.998322 0.000000 
89 -0.963106 999.692932 0.000000 0.000559 9.997931 0.000000 
90 -0.153530 998.938416 0.000000 0.002049 9.999268 0.000000 
91 -0.692907 1000.642029 0.000000 -0.001484 9.998901 0.000000 
92 -0.998842 999.921814 0.000000 0.000100 9.997953 0.000000 
93 0.437299 998.941772 0.000000 0.001875 10.000503 0.000000 
94 0.462337 1000.992310 0.000000 -0.001826 10.001316 0.000000 
95 -0.485152 1000.830750 0.000000 -0.001820 9.999390 0.000000 
96 0.805452 999.493591 0.000000 0.001206 10.001382 0.000000 
97 -0.618317 999.143188 0.000000 0.001625 9.998411 0.000000 
98 0.097476 1001.164185 0.000000 -0.002056 10.000622 0.000000 
99 -0.790863 999.328308 0.000000 0.001264 9.998136 0.000000 
100 0.897007 999.623779 0.000000 0.000906 10.001631 0.000000 
