-1 0.000000 0.000000 0.000000 0.000000 0.000000 0.000000 1.000000 
1 2.318439 -0.994626 0.000000 0.000514 0.001199 0.000000 1.000000 
2 1.565408 -0.255880 0.000000 0.000265 0.001624 0.000000 1.000000 
3 3.067553 -1.512778 0.000000 0.000496 0.001005 0.000000 1.000000 
4 -2.096132 -1.309322 0.000000 0.000698 -0.001118 0.000000 1.000000 
5 2.830985 -1.462853 0.000000 0.000533 0.001032 0.000000 1.000000 
6 0.985815 -2.936536 0.000000 0.001116 0.000375 0.000000 1.000000 
7 0.668651 -2.502284 0.000000 0.001244 0.000332 0.000000 1.000000 
8 -1.521398 0.769386 0.000000 -0.000716 -0.001417 0.000000 1.000000 
9 -3.616113 2.525140 0.000000 -0.000565 -0.000809 0.000000 1.000000 
10 2.257731 -1.425295 0.000000 0.000677 0.001073 0.000000 1.000000 
11 -2.451251 -1.542844 0.000000 0.000649 -0.001031 0.000000 1.000000 
12 -0.304822 -2.424750 0.000000 0.001316 -0.000165 0.000000 1.000000 
13 1.731174 -0.164593 0.000000 0.000149 0.001565 0.000000 1.000000 
14 -2.195443 3.432462 0.000000 -0.000865 -0.000553 0.000000 1.000000 
15 1.506370 -0.672380 0.000000 0.000658 0.001474 0.000000 1.000000 
16 3.654664 0.486144 0.000000 -0.000142 0.001070 0.000000 1.000000 
17 -2.223863 1.217006 0.000000 -0.000625 -0.001142 0.000000 1.000000 
18 1.145918 2.938301 0.000000 -0.001087 0.000424 0.000000 1.000000 
19 -0.647503 3.643660 0.000000 -0.001061 -0.000189 0.000000 1.000000 
20 -2.085345 0.277318 0.000000 -0.000188 -0.001417 0.000000 1.000000 
21 -1.325315 4.025450 0.000000 -0.000956 -0.000315 0.000000 1.000000 
22 0.821729 -3.605482 0.000000 0.001051 0.000240 0.000000 1.000000 
23 2.369206 1.637016 0.000000 -0.000694 0.001005 0.000000 1.000000 
24 -0.764057 1.681308 0.000000 -0.001389 -0.000631 0.000000 1.000000 
25 -1.747707 1.900105 0.000000 -0.000949 -0.000873 0.000000 1.000000 
26 -4.140183 -0.252613 0.000000 0.000062 -0.001016 0.000000 1.000000 
27 -2.079943 3.216648 0.000000 -0.000889 -0.000575 0.000000 1.000000 
28 -3.416893 2.878328 0.000000 -0.000632 -0.000750 0.000000 1.000000 
29 -3.038887 2.200250 0.000000 -0.000628 -0.000867 0.000000 1.000000 
30 -0.021687 0.991587 0.000000 -0.002081 -0.000046 0.000000 1.000000 
31 3.941243 -1.639835 0.000000 0.000385 0.000926 0.000000 1.000000 
32 2.570307 1.023007 0.000000 -0.000461 0.001158 0.000000 1.000000 
33 -0.911021 1.024175 0.000000 -0.001323 -0.001177 0.000000 1.000000 
34 2.516386 2.591536 0.000000 -0.000782 0.000760 0.000000 1.000000 
35 -0.278453 1.420564 0.000000 -0.001691 -0.000331 0.000000 1.000000 
36 -0.643534 3.374249 0.000000 -0.001099 -0.000210 0.000000 1.000000 
37 -2.175769 -1.173083 0.000000 0.000626 -0.001160 0.000000 1.000000 
38 -1.637290 2.490089 0.000000 -0.001003 -0.000660 0.000000 1.000000 
39 0.749344 -4.290632 0.000000 0.000978 0.000171 0.000000 1.000000 
40 -2.838741 -1.851080 0.000000 0.000615 -0.000943 0.000000 1.000000 
41 1.458819 -1.762748 0.000000 0.001056 0.000874 0.000000 1.000000 
42 2.701399 -1.192762 0.000000 0.000487 0.001103 0.000000 1.000000 
43 0.182240 4.352392 0.000000 -0.000992 0.000042 0.000000 1.000000 
44 0.983384 -2.263140 0.000000 0.001210 0.000526 0.000000 1.000000 
45 -1.275258 3.547550 0.000000 -0.001005 -0.000361 0.000000 1.000000 
46 -1.403268 4.117849 0.000000 -0.000941 -0.000321 0.000000 1.000000 
47 -3.128838 -2.299268 0.000000 0.000623 -0.000848 0.000000 1.000000 
48 1.649149 0.242474 0.000000 -0.000234 0.001588 0.000000 1.000000 
49 2.354132 2.001146 0.000000 -0.000764 0.000898 0.000000 1.000000 
50 -2.456919 1.882517 0.000000 -0.000717 -0.000935 0.000000 1.000000 
51 -0.599559 -1.154550 0.000000 0.001613 -0.000837 0.000000 1.000000 
52 -3.148776 1.087948 0.000000 -0.000371 -0.001073 0.000000 1.000000 
53 3.040381 1.473880 0.000000 -0.000492 0.001015 0.000000 1.000000 
54 -1.039427 -4.254189 0.000000 0.000962 -0.000235 0.000000 1.000000 
55 3.737484 0.979090 0.000000 -0.000267 0.001020 0.000000 1.000000 
56 1.716515 -0.770028 0.000000 0.000619 0.001379 0.000000 1.000000 
57 -0.459284 -4.222916 0.000000 0.001000 -0.000109 0.000000 1.000000 
58 0.860279 2.889661 0.000000 -0.001144 0.000341 0.000000 1.000000 
59 2.134726 -2.986501 0.000000 0.000880 0.000629 0.000000 1.000000 
60 -2.921111 -2.882928 0.000000 0.000719 -0.000728 0.000000 1.000000 
61 2.169185 -0.375992 0.000000 0.000239 0.001376 0.000000 1.000000 
62 -3.002091 -2.530120 0.000000 0.000674 -0.000800 0.000000 1.000000 
63 0.805466 2.742126 0.000000 -0.001176 0.000346 0.000000 1.000000 
64 -2.168063 -1.764459 0.000000 0.000783 -0.000962 0.000000 1.000000 
65 -1.030434 -2.278572 0.000000 0.001194 -0.000540 0.000000 1.000000 
66 -0.791797 -1.811862 0.000000 0.001351 -0.000590 0.000000 1.000000 
67 -0.376140 3.860575 0.000000 -0.001047 -0.000102 0.000000 1.000000 
68 -3.213151 3.030009 0.000000 -0.000677 -0.000718 0.000000 1.000000 
69 -3.308884 -0.831905 0.000000 0.000274 -0.001088 0.000000 1.000000 
70 -0.359874 2.181114 0.000000 -0.001375 -0.000227 0.000000 1.000000 
71 -3.150707 1.436812 0.000000 -0.000462 -0.001013 0.000000 1.000000 
72 3.808200 2.112911 0.000000 -0.000482 0.000868 0.000000 1.000000 
73 -2.292538 1.797166 0.000000 -0.000749 -0.000956 0.000000 1.000000 
74 -0.863227 2.915143 0.000000 -0.001140 -0.000338 0.000000 1.000000 
75 1.141136 0.910718 0.000000 -0.001070 0.001341 0.000000 1.000000 
76 -1.571422 -3.683139 0.000000 0.000953 -0.000406 0.000000 1.000000 
77 -2.764166 -2.826634 0.000000 0.000745 -0.000729 0.000000 1.000000 
78 1.852100 0.928370 0.000000 -0.000645 0.001287 0.000000 1.000000 
79 -1.511680 2.511790 0.000000 -0.001037 -0.000624 0.000000 1.000000 
80 -1.954382 0.634459 0.000000 -0.000446 -0.001375 0.000000 1.000000 
81 2.470241 -1.162813 0.000000 0.000534 0.001135 0.000000 1.000000 
82 0.616907 -4.265620 0.000000 0.000988 0.000143 0.000000 1.000000 
83 -0.125942 2.158418 0.000000 -0.001407 -0.000082 0.000000 1.000000 
84 1.444723 4.155151 0.000000 -0.000933 0.000325 0.000000 1.000000 
85 -2.924348 2.689361 0.000000 -0.000704 -0.000765 0.000000 1.000000 
86 2.351177 1.742548 0.000000 -0.000721 0.000973 0.000000 1.000000 
87 -0.158656 -1.014801 0.000000 0.002021 -0.000316 0.000000 1.000000 
88 -0.381655 3.034771 0.000000 -0.001176 -0.000148 0.000000 1.000000 
89 -1.564905 2.845699 0.000000 -0.001008 -0.000554 0.000000 1.000000 
90 -0.349833 -4.101394 0.000000 0.001018 -0.000087 0.000000 1.000000 
91 -2.237632 -1.563232 0.000000 0.000718 -0.001028 0.000000 1.000000 
92 -0.297744 3.069395 0.000000 -0.001175 -0.000114 0.000000 1.000000 
93 -1.387066 -0.711234 0.000000 0.000757 -0.001477 0.000000 1.000000 
94 -1.432050 -0.317421 0.000000 0.000370 -0.001671 0.000000 1.000000 
95 -0.002329 4.461051 0.000000 -0.000981 -0.000001 0.000000 1.000000 
96 1.185216 -0.159289 0.000000 0.000252 0.001878 0.000000 1.000000 
97 -1.024524 -0.451288 0.000000 0.000790 -0.001793 0.000000 1.000000 
98 0.699215 -1.176230 0.000000 0.001523 0.000905 0.000000 1.000000 
99 -4.080153 -0.498751 0.000000 0.000124 -0.001015 0.000000 1.000000 
100 -0.699453 0.854675 0.000000 -0.001526 -0.001249 0.000000 1.000000 
101 0.821363 -1.262661 0.000000 0.001416 0.000921 0.000000 1.000000 
102 2.362045 -1.956244 0.000000 0.000755 0.000912 0.000000 1.000000 
103 3.030477 -2.906536 0.000000 0.000700 0.000730 0.000000 1.000000 
104 -2.200495 -2.761274 0.000000 0.000863 -0.000687 0.000000 1.000000 
105 0.224109 -4.384435 0.000000 0.000988 0.000050 0.000000 1.000000 
106 -0.292797 -3.323563 0.000000 0.001130 -0.000100 0.000000 1.000000 
107 1.876163 -0.613680 0.000000 0.000459 0.001402 0.000000 1.000000 
108 -0.105026 3.623299 0.000000 -0.001088 -0.000032 0.000000 1.000000 
109 -3.433314 -2.533772 0.000000 0.000596 -0.000807 0.000000 1.000000 
110 -2.632393 -2.967683 0.000000 0.000779 -0.000691 0.000000 1.000000 
111 -3.545314 -0.945248 0.000000 0.000279 -0.001046 0.000000 1.000000 
112 -1.388845 -0.096789 0.000000 0.000122 -0.001752 0.000000 1.000000 
113 -2.562530 -1.119408 0.000000 0.000496 -0.001136 0.000000 1.000000 
114 -1.183756 -0.203200 0.000000 0.000320 -0.001864 0.000000 1.000000 
115 -0.724774 4.095796 0.000000 -0.001001 -0.000177 0.000000 1.000000 
116 -1.943811 -2.349457 0.000000 0.000915 -0.000757 0.000000 1.000000 
117 -1.016134 -3.738526 0.000000 0.001016 -0.000276 0.000000 1.000000 
118 2.139632 -3.402524 0.000000 0.000875 0.000550 0.000000 1.000000 
119 -3.736238 -1.263505 0.000000 0.000334 -0.000989 0.000000 1.000000 
120 0.656617 0.739716 0.000000 -0.001559 0.001384 0.000000 1.000000 
121 2.896216 -1.799631 0.000000 0.000592 0.000953 0.000000 1.000000 
122 -1.650690 2.133543 0.000000 -0.000998 -0.000772 0.000000 1.000000 
123 2.748739 -0.615442 0.000000 0.000270 0.001205 0.000000 1.000000 
124 2.838334 0.078104 0.000000 -0.000034 0.001230 0.000000 1.000000 
125 2.064285 1.590310 0.000000 -0.000784 0.001017 0.000000 1.000000 
126 1.401187 -3.301918 0.000000 0.001007 0.000428 0.000000 1.000000 
127 -2.325139 -2.756091 0.000000 0.000834 -0.000704 0.000000 1.000000 
128 2.330703 0.874656 0.000000 -0.000462 0.001230 0.000000 1.000000 
129 -3.598231 1.114022 0.000000 -0.000316 -0.001020 0.000000 1.000000 
130 -2.306221 2.928252 0.000000 -0.000843 -0.000664 0.000000 1.000000 
131 0.590224 -2.742322 0.000000 0.001210 0.000260 0.000000 1.000000 
132 4.079391 -1.542823 0.000000 0.000351 0.000928 0.000000 1.000000 
133 2.692003 0.359494 0.000000 -0.000166 0.001247 0.000000 1.000000 
134 2.523043 -1.472177 0.000000 0.000611 0.001047 0.000000 1.000000 
135 -1.237951 -3.645551 0.000000 0.001000 -0.000340 0.000000 1.000000 
136 -1.927161 3.504124 0.000000 -0.000908 -0.000499 0.000000 1.000000 
137 -2.645779 0.855773 0.000000 -0.000383 -0.001183 0.000000 1.000000 
138 0.534740 1.860785 0.000000 -0.001432 0.000411 0.000000 1.000000 
139 3.338846 -1.889622 0.000000 0.000521 0.000921 0.000000 1.000000 
140 -0.086091 3.632009 0.000000 -0.001087 -0.000026 0.000000 1.000000 
141 -3.086412 -0.012110 0.000000 0.000005 -0.001180 0.000000 1.000000 
142 2.593849 -0.375117 0.000000 0.000183 0.001267 0.000000 1.000000 
143 -3.295687 -2.718336 0.000000 0.000638 -0.000774 0.000000 1.000000 
144 -1.618183 2.151927 0.000000 -0.001010 -0.000759 0.000000 1.000000 
145 3.695751 -0.892046 0.000000 0.000249 0.001033 0.000000 1.000000 
146 0.352758 -0.545929 0.000000 0.002159 0.001395 0.000000 1.000000 
147 -3.098857 2.475158 0.000000 -0.000650 -0.000813 0.000000 1.000000 
148 -4.021448 0.887993 0.000000 -0.000220 -0.000997 0.000000 1.000000 
149 -0.482464 1.954046 0.000000 -0.001418 -0.000350 0.000000 1.000000 
150 4.042458 0.917632 0.000000 -0.000225 0.000993 0.000000 1.000000 
151 -0.857198 -3.582360 0.000000 0.001050 -0.000251 0.000000 1.000000 
152 1.122468 -3.748724 0.000000 0.001004 0.000301 0.000000 1.000000 
153 -1.587214 -0.021012 0.000000 0.000022 -0.001645 0.000000 1.000000 
154 1.605033 4.077542 0.000000 -0.000921 0.000363 0.000000 1.000000 
155 -3.158612 -1.202060 0.000000 0.000401 -0.001054 0.000000 1.000000 
156 -1.237790 -1.870133 0.000000 0.001154 -0.000764 0.000000 1.000000 
157 -2.656640 2.788538 0.000000 -0.000765 -0.000728 0.000000 1.000000 
158 -0.867716 1.945306 0.000000 -0.001297 -0.000579 0.000000 1.000000 
159 1.021423 -4.087280 0.000000 0.000980 0.000245 0.000000 1.000000 
160 -1.716683 -1.479551 0.000000 0.000899 -0.001043 0.000000 1.000000 
161 -1.973985 -1.208324 0.000000 0.000711 -0.001162 0.000000 1.000000 
162 4.117024 -1.229929 0.000000 0.000286 0.000958 0.000000 1.000000 
163 -1.533031 -1.099600 0.000000 0.000880 -0.001226 0.000000 1.000000 
164 -0.750134 -3.524432 0.000000 0.001068 -0.000227 0.000000 1.000000 
165 -1.067277 -3.103246 0.000000 0.001082 -0.000372 0.000000 1.000000 
166 -1.949300 -2.886707 0.000000 0.000920 -0.000621 0.000000 1.000000 
167 -2.081564 -3.139832 0.000000 0.000890 -0.000590 0.000000 1.000000 
168 -1.903930 1.689945 0.000000 -0.000862 -0.000972 0.000000 1.000000 
169 2.090199 -3.657986 0.000000 0.000877 0.000501 0.000000 1.000000 
170 0.494575 -3.276777 0.000000 0.001126 0.000170 0.000000 1.000000 
171 -1.202451 3.969544 0.000000 -0.000974 -0.000295 0.000000 1.000000 
172 -3.200017 2.097174 0.000000 -0.000581 -0.000886 0.000000 1.000000 
173 0.544016 -0.588504 0.000000 0.001700 0.001572 0.000000 1.000000 
174 0.814047 -2.632769 0.000000 0.001193 0.000369 0.000000 1.000000 
175 -0.192073 -0.867010 0.000000 0.002147 -0.000476 0.000000 1.000000 
176 -3.318277 -0.245151 0.000000 0.000084 -0.001133 0.000000 1.000000 
177 -2.692358 0.065066 0.000000 -0.000031 -0.001263 0.000000 1.000000 
178 -2.480086 3.631732 0.000000 -0.000816 -0.000557 0.000000 1.000000 
179 -3.404613 -0.173794 0.000000 0.000057 -0.001121 0.000000 1.000000 
180 2.686131 -2.733625 0.000000 0.000755 0.000742 0.000000 1.000000 
181 0.711143 -1.203818 0.000000 0.001509 0.000892 0.000000 1.000000 
182 -0.520691 3.081292 0.000000 -0.001156 -0.000195 0.000000 1.000000 
183 3.561352 0.965822 0.000000 -0.000282 0.001041 0.000000 1.000000 
184 3.816242 0.145746 0.000000 -0.000040 0.001060 0.000000 1.000000 
185 -1.308256 -1.650848 0.000000 0.001119 -0.000887 0.000000 1.000000 
186 -0.533808 2.061380 0.000000 -0.001375 -0.000356 0.000000 1.000000 
187 3.732212 2.426680 0.000000 -0.000535 0.000824 0.000000 1.000000 
188 -3.366545 0.830203 0.000000 -0.000267 -0.001081 0.000000 1.000000 
189 3.166342 -3.113813 0.000000 0.000690 0.000701 0.000000 1.000000 
190 1.349379 -3.982005 0.000000 0.000957 0.000324 0.000000 1.000000 
191 3.325324 -2.726908 0.000000 0.000634 0.000773 0.000000 1.000000 
192 2.427302 -2.342383 0.000000 0.000784 0.000812 0.000000 1.000000 
193 -0.353273 0.600329 0.000000 -0.002140 -0.001260 0.000000 1.000000 
194 0.895454 -1.072031 0.000000 0.001346 0.001124 0.000000 1.000000 
195 -0.008654 1.202203 0.000000 -0.001890 -0.000014 0.000000 1.000000 
196 3.748406 -0.184955 0.000000 0.000053 0.001069 0.000000 1.000000 
197 -3.438208 2.103748 0.000000 -0.000539 -0.000881 0.000000 1.000000 
198 -1.775317 2.272354 0.000000 -0.000962 -0.000751 0.000000 1.000000 
199 -1.119096 -2.537657 0.000000 0.001139 -0.000502 0.000000 1.000000 
200 -2.834463 2.606943 0.000000 -0.000715 -0.000777 0.000000 1.000000 
201 -2.378663 0.006828 0.000000 -0.000004 -0.001344 0.000000 1.000000 
202 0.447900 -1.908882 0.000000 0.001441 0.000338 0.000000 1.000000 
203 -4.319859 -0.455382 0.000000 0.000104 -0.000989 0.000000 1.000000 
204 1.707691 -2.180344 0.000000 0.000981 0.000768 0.000000 1.000000 
205 -3.705497 2.042480 0.000000 -0.000486 -0.000882 0.000000 1.000000 
206 -3.519379 1.565623 0.000000 -0.000429 -0.000965 0.000000 1.000000 
207 1.215698 -1.602275 0.000000 0.001164 0.000883 0.000000 1.000000 
208 -0.795980 -0.751092 0.000000 0.001360 -0.001441 0.000000 1.000000 
209 -2.219593 1.486077 0.000000 -0.000706 -0.001054 0.000000 1.000000 
210 1.809544 -3.029118 0.000000 0.000947 0.000566 0.000000 1.000000 
211 1.800701 -2.811384 0.000000 0.000955 0.000612 0.000000 1.000000 
212 -3.759778 -1.558194 0.000000 0.000393 -0.000949 0.000000 1.000000 
213 -3.145290 0.149559 0.000000 -0.000055 -0.001167 0.000000 1.000000 
214 0.957502 0.977759 0.000000 -0.001266 0.001240 0.000000 1.000000 
215 3.233381 3.047136 0.000000 -0.000674 0.000716 0.000000 1.000000 
216 -0.332625 4.445867 0.000000 -0.000979 -0.000073 0.000000 1.000000 
217 2.363454 -2.041923 0.000000 0.000767 0.000887 0.000000 1.000000 
218 2.908790 -2.102844 0.000000 0.000641 0.000887 0.000000 1.000000 
219 -2.352388 -0.399257 0.000000 0.000225 -0.001323 0.000000 1.000000 
220 -0.826276 -0.844918 0.000000 0.001363 -0.001333 0.000000 1.000000 
221 1.983667 -3.354656 0.000000 0.000904 0.000534 0.000000 1.000000 
222 4.394647 -0.490432 0.000000 0.000109 0.000980 0.000000 1.000000 
223 1.302567 0.588049 0.000000 -0.000713 0.001580 0.000000 1.000000 
224 -2.949591 3.041779 0.000000 -0.000723 -0.000701 0.000000 1.000000 
225 -0.374425 -2.833867 0.000000 0.001215 -0.000161 0.000000 1.000000 
226 -1.904355 -4.041191 0.000000 0.000887 -0.000418 0.000000 1.000000 
227 3.447806 -0.707700 0.000000 0.000222 0.001082 0.000000 1.000000 
228 1.243753 -0.753552 0.000000 0.000891 0.001470 0.000000 1.000000 
229 -0.832916 -4.180049 0.000000 0.000985 -0.000196 0.000000 1.000000 
230 0.866469 -1.468535 0.000000 0.001367 0.000807 0.000000 1.000000 
231 1.467563 1.038909 0.000000 -0.000893 0.001262 0.000000 1.000000 
232 -2.496006 -2.389385 0.000000 0.000771 -0.000805 0.000000 1.000000 
233 1.568263 -1.211395 0.000000 0.000900 0.001165 0.000000 1.000000 
234 -0.601284 4.208151 0.000000 -0.000995 -0.000142 0.000000 1.000000 
235 -2.691374 1.629643 0.000000 -0.000605 -0.001000 0.000000 1.000000 
236 1.326252 -2.587769 0.000000 0.001082 0.000554 0.000000 1.000000 
237 1.685363 4.113190 0.000000 -0.000910 0.000373 0.000000 1.000000 
238 2.728885 0.903892 0.000000 -0.000384 0.001160 0.000000 1.000000 
239 2.821546 3.007898 0.000000 -0.000744 0.000698 0.000000 1.000000 
240 -1.359911 1.654606 0.000000 -0.001094 -0.000899 0.000000 1.000000 
241 -2.416222 0.383936 0.000000 -0.000208 -0.001309 0.000000 1.000000 
242 0.127077 4.273934 0.000000 -0.001002 0.000030 0.000000 1.000000 
243 0.254609 4.349575 0.000000 -0.000991 0.000058 0.000000 1.000000 
244 2.888627 -0.686919 0.000000 0.000278 0.001170 0.000000 1.000000 
245 3.579275 1.237672 0.000000 -0.000348 0.001007 0.000000 1.000000 
246 1.309099 -1.261711 0.000000 0.001067 0.001107 0.000000 1.000000 
247 -2.083349 -2.069658 0.000000 0.000852 -0.000858 0.000000 1.000000 
248 -1.426901 2.761163 0.000000 -0.001044 -0.000540 0.000000 1.000000 
249 -4.157266 -0.962901 0.000000 0.000226 -0.000977 0.000000 1.000000 
250 1.324449 -0.029577 0.000000 0.000040 0.001800 0.000000 1.000000 
251 -1.517522 0.481376 0.000000 -0.000497 -0.001566 0.000000 1.000000 
252 2.467850 2.611167 0.000000 -0.000795 0.000751 0.000000 1.000000 
253 -2.098762 0.673893 0.000000 -0.000427 -0.001329 0.000000 1.000000 
254 1.853083 -2.996184 0.000000 0.000939 0.000581 0.000000 1.000000 
255 0.889513 -3.200486 0.000000 0.001096 0.000305 0.000000 1.000000 
256 3.536068 -0.251326 0.000000 0.000078 0.001098 0.000000 1.000000 
257 -0.320946 1.489897 0.000000 -0.001641 -0.000354 0.000000 1.000000 
258 -1.896205 0.249276 0.000000 -0.000195 -0.001486 0.000000 1.000000 
259 -2.731556 3.110597 0.000000 -0.000765 -0.000672 0.000000 1.000000 
260 1.222325 -2.663951 0.000000 0.001100 0.000505 0.000000 1.000000 
261 -4.109934 -0.343413 0.000000 0.000085 -0.001017 0.000000 1.000000 
262 -1.258959 1.529866 0.000000 -0.001137 -0.000936 0.000000 1.000000 
263 1.780471 1.066244 0.000000 -0.000739 0.001234 0.000000 1.000000 
264 0.561300 -4.407279 0.000000 0.000975 0.000124 0.000000 1.000000 
265 1.289415 2.862086 0.000000 -0.001067 0.000481 0.000000 1.000000 
266 -3.300031 -2.412792 0.000000 0.000605 -0.000828 0.000000 1.000000 
267 -0.213246 -2.419625 0.000000 0.001325 -0.000117 0.000000 1.000000 
268 -4.023652 -1.440152 0.000000 0.000338 -0.000944 0.000000 1.000000 
269 3.869132 -1.901555 0.000000 0.000440 0.000896 0.000000 1.000000 
270 2.852549 1.693229 0.000000 -0.000581 0.000979 0.000000 1.000000 
271 -0.245905 0.709514 0.000000 -0.002260 -0.000783 0.000000 1.000000 
272 -1.987720 -3.270265 0.000000 0.000905 -0.000550 0.000000 1.000000 
273 1.223720 -0.315737 0.000000 0.000461 0.001785 0.000000 1.000000 
274 2.806434 -3.258532 0.000000 0.000757 0.000652 0.000000 1.000000 
275 0.228948 -2.697356 0.000000 0.001255 0.000107 0.000000 1.000000 
276 -0.382446 -2.254018 0.000000 0.001351 -0.000229 0.000000 1.000000 
277 -3.348378 1.928897 0.000000 -0.000526 -0.000914 0.000000 1.000000 
278 -1.545737 -0.525194 0.000000 0.000522 -0.001536 0.000000 1.000000 
279 1.196957 -0.541501 0.000000 0.000745 0.001648 0.000000 1.000000 
280 1.823357 -0.103061 0.000000 0.000087 0.001531 0.000000 1.000000 
281 -2.653587 -3.323110 0.000000 0.000785 -0.000627 0.000000 1.000000 
282 3.113497 1.398437 0.000000 -0.000460 0.001023 0.000000 1.000000 
283 -0.011508 -0.051325 0.000000 0.008818 -0.001977 0.000000 1.000000 
284 0.180406 -2.312376 0.000000 0.001357 0.000106 0.000000 1.000000 
285 -3.777487 1.514155 0.000000 -0.000382 -0.000954 0.000000 1.000000 
286 1.085180 2.349029 0.000000 -0.001170 0.000540 0.000000 1.000000 
287 -1.428975 -0.527620 0.000000 0.000582 -0.001575 0.000000 1.000000 
288 -1.693145 3.811885 0.000000 -0.000927 -0.000412 0.000000 1.000000 
289 2.974525 0.868688 0.000000 -0.000330 0.001130 0.000000 1.000000 
290 2.187318 2.522922 0.000000 -0.000857 0.000743 0.000000 1.000000 
291 1.757035 2.178670 0.000000 -0.000964 0.000778 0.000000 1.000000 
292 1.274861 -1.743123 0.000000 0.001138 0.000833 0.000000 1.000000 
293 -3.116509 -3.199361 0.000000 0.000703 -0.000684 0.000000 1.000000 
294 0.409352 -3.298638 0.000000 0.001128 0.000140 0.000000 1.000000 
295 -3.451673 1.644682 0.000000 -0.000456 -0.000957 0.000000 1.000000 
296 0.022719 -2.688910 0.000000 0.001264 0.000011 0.000000 1.000000 
297 -2.810753 3.369992 0.000000 -0.000760 -0.000634 0.000000 1.000000 
298 -3.190557 2.749474 0.000000 -0.000659 -0.000765 0.000000 1.000000 
299 3.292714 -2.192739 0.000000 0.000578 0.000867 0.000000 1.000000 
300 -2.698156 0.594153 0.000000 -0.000268 -0.001218 0.000000 1.000000 
301 0.170668 -2.732935 0.000000 0.001250 0.000078 0.000000 1.000000 
302 3.526954 -1.713267 0.000000 0.000457 0.000942 0.000000 1.000000 
303 -3.867421 -1.848143 0.000000 0.000432 -0.000903 0.000000 1.000000 
304 0.878678 1.655853 0.000000 -0.001337 0.000710 0.000000 1.000000 
305 0.606319 -4.152554 0.000000 0.001001 0.000146 0.000000 1.000000 
306 0.438457 -1.233027 0.000000 0.001707 0.000607 0.000000 1.000000 
307 -3.139884 0.186939 0.000000 -0.000069 -0.001167 0.000000 1.000000 
308 -2.589230 0.916324 0.000000 -0.000417 -0.001179 0.000000 1.000000 
309 -1.412469 3.966234 0.000000 -0.000952 -0.000339 0.000000 1.000000 
310 1.775514 2.484685 0.000000 -0.000965 0.000690 0.000000 1.000000 
311 1.531148 -0.248439 0.000000 0.000267 0.001643 0.000000 1.000000 
312 2.558390 1.793661 0.000000 -0.000673 0.000960 0.000000 1.000000 
313 0.087778 3.520709 0.000000 -0.001104 0.000028 0.000000 1.000000 
314 1.506554 1.971398 0.000000 -0.001046 0.000799 0.000000 1.000000 
315 -0.798315 1.883271 0.000000 -0.001334 -0.000566 0.000000 1.000000 
316 -3.326060 1.514011 0.000000 -0.000449 -0.000987 0.000000 1.000000 
317 0.434484 -1.208748 0.000000 0.001721 0.000619 0.000000 1.000000 
318 -4.298827 0.892061 0.000000 -0.000201 -0.000969 0.000000 1.000000 
319 0.513458 -3.174670 0.000000 0.001141 0.000185 0.000000 1.000000 
320 0.600510 3.675529 0.000000 -0.001060 0.000173 0.000000 1.000000 
321 1.100983 -0.808687 0.000000 0.001050 0.001429 0.000000 1.000000 
322 1.782408 -0.791183 0.000000 0.000602 0.001357 0.000000 1.000000 
323 3.740466 0.723926 0.000000 -0.000202 0.001043 0.000000 1.000000 
324 1.532968 -3.417594 0.000000 0.000977 0.000438 0.000000 1.000000 
325 -1.345079 -2.145844 0.000000 0.001104 -0.000692 0.000000 1.000000 
326 1.937914 -2.516971 0.000000 0.000921 0.000709 0.000000 1.000000 
327 -2.761407 0.301499 0.000000 -0.000135 -0.001236 0.000000 1.000000 
328 2.590356 -2.192849 0.000000 0.000727 0.000859 0.000000 1.000000 
329 -1.522498 -1.687196 0.000000 0.001021 -0.000921 0.000000 1.000000 
330 -1.478040 -2.110012 0.000000 0.001058 -0.000741 0.000000 1.000000 
331 3.665457 0.648747 0.000000 -0.000187 0.001058 0.000000 1.000000 
332 -2.016323 -1.210121 0.000000 0.000696 -0.001159 0.000000 1.000000 
333 3.089642 1.617952 0.000000 -0.000515 0.000983 0.000000 1.000000 
334 2.455251 -2.752036 0.000000 0.000805 0.000719 0.000000 1.000000 
335 -2.701348 -2.335383 0.000000 0.000717 -0.000830 0.000000 1.000000 
336 4.088212 -1.624149 0.000000 0.000365 0.000918 0.000000 1.000000 
337 2.482444 -1.515580 0.000000 0.000633 0.001037 0.000000 1.000000 
338 -0.450911 -3.490443 0.000000 0.001096 -0.000142 0.000000 1.000000 
339 -0.771533 -0.567485 0.000000 0.001255 -0.001706 0.000000 1.000000 
340 -1.561457 -2.907048 0.000000 0.001005 -0.000540 0.000000 1.000000 
341 0.712699 3.560241 0.000000 -0.001067 0.000214 0.000000 1.000000 
342 0.347729 0.537472 0.000000 -0.002175 0.001407 0.000000 1.000000 
343 -2.190345 3.641155 0.000000 -0.000862 -0.000518 0.000000 1.000000 
344 0.270006 -0.852295 0.000000 0.002090 0.000662 0.000000 1.000000 
345 2.154276 -2.341056 0.000000 0.000855 0.000787 0.000000 1.000000 
346 3.430069 2.299469 0.000000 -0.000568 0.000847 0.000000 1.000000 
347 -1.669073 -0.242841 0.000000 0.000230 -0.001579 0.000000 1.000000 
348 -0.798236 -2.850571 0.000000 0.001160 -0.000325 0.000000 1.000000 
349 2.857212 -3.338997 0.000000 0.000751 0.000643 0.000000 1.000000 
350 2.630053 -3.122293 0.000000 0.000785 0.000661 0.000000 1.000000 
351 3.840203 -0.874033 0.000000 0.000232 0.001018 0.000000 1.000000 
352 -1.358296 -3.256406 0.000000 0.001018 -0.000425 0.000000 1.000000 
353 2.588893 2.627500 0.000000 -0.000769 0.000757 0.000000 1.000000 
354 -2.253901 1.589587 0.000000 -0.000719 -0.001020 0.000000 1.000000 
355 4.064401 -0.314756 0.000000 0.000079 0.001023 0.000000 1.000000 
356 -1.040225 3.123846 0.000000 -0.001084 -0.000361 0.000000 1.000000 
357 3.881906 1.894830 0.000000 -0.000437 0.000896 0.000000 1.000000 
358 3.500647 -0.467737 0.000000 0.000146 0.001093 0.000000 1.000000 
359 -1.033889 0.739838 0.000000 -0.001070 -0.001495 0.000000 1.000000 
360 -0.544331 1.884125 0.000000 -0.001422 -0.000411 0.000000 1.000000 
361 1.210406 0.206024 0.000000 -0.000314 0.001844 0.000000 1.000000 
362 0.433469 3.716528 0.000000 -0.001064 0.000124 0.000000 1.000000 
363 2.701756 3.407180 0.000000 -0.000779 0.000618 0.000000 1.000000 
364 0.600826 3.626168 0.000000 -0.001067 0.000177 0.000000 1.000000 
365 -1.075769 -2.542894 0.000000 0.001149 -0.000486 0.000000 1.000000 
366 -0.444829 3.653265 0.000000 -0.001073 -0.000131 0.000000 1.000000 
367 1.734345 -1.594603 0.000000 0.000914 0.000994 0.000000 1.000000 
368 -2.182253 1.964539 0.000000 -0.000809 -0.000899 0.000000 1.000000 
369 1.894395 2.390846 0.000000 -0.000930 0.000737 0.000000 1.000000 
370 0.850737 -1.976911 0.000000 0.001298 0.000558 0.000000 1.000000 
371 -1.545928 -4.095381 0.000000 0.000927 -0.000350 0.000000 1.000000 
372 2.819232 2.494448 0.000000 -0.000708 0.000800 0.000000 1.000000 
373 -2.445266 -3.642165 0.000000 0.000822 -0.000552 0.000000 1.000000 
374 -0.883020 3.460733 0.000000 -0.001063 -0.000271 0.000000 1.000000 
375 -2.057678 -1.729617 0.000000 0.000813 -0.000968 0.000000 1.000000 
376 2.747758 1.511380 0.000000 -0.000564 0.001026 0.000000 1.000000 
377 -0.074722 1.520893 0.000000 -0.001678 -0.000082 0.000000 1.000000 
378 2.585088 2.778699 0.000000 -0.000779 0.000725 0.000000 1.000000 
379 -0.761377 3.886614 0.000000 -0.001022 -0.000200 0.000000 1.000000 
380 -2.079713 -1.803084 0.000000 0.000818 -0.000944 0.000000 1.000000 
381 -2.418715 -0.212682 0.000000 0.000117 -0.001325 0.000000 1.000000 
382 -1.717891 -0.545806 0.000000 0.000467 -0.001471 0.000000 1.000000 
383 2.539973 3.336986 0.000000 -0.000805 0.000613 0.000000 1.000000 
384 1.822636 -2.024236 0.000000 0.000933 0.000840 0.000000 1.000000 
385 0.555527 2.020694 0.000000 -0.001381 0.000380 0.000000 1.000000 
386 -3.843423 2.178220 0.000000 -0.000486 -0.000858 0.000000 1.000000 
387 -2.711705 -3.482958 0.000000 0.000778 -0.000606 0.000000 1.000000 
388 1.601963 0.213285 0.000000 -0.000215 0.001616 0.000000 1.000000 
389 -4.149805 -0.330252 0.000000 0.000081 -0.001013 0.000000 1.000000 
390 4.294642 -1.120075 0.000000 0.000248 0.000952 0.000000 1.000000 
391 -3.179077 -2.886109 0.000000 0.000672 -0.000741 0.000000 1.000000 
392 -0.790065 -0.087811 0.000000 0.000257 -0.002310 0.000000 1.000000 
393 -0.200247 3.430845 0.000000 -0.001116 -0.000065 0.000000 1.000000 
394 -3.800775 1.921077 0.000000 -0.000453 -0.000896 0.000000 1.000000 
395 -0.130558 -3.951440 0.000000 0.001042 -0.000034 0.000000 1.000000 
396 1.690976 -1.420805 0.000000 0.000897 0.001068 0.000000 1.000000 
397 0.073175 0.318332 0.000000 -0.003534 0.000812 0.000000 1.000000 
398 4.325862 0.837534 0.000000 -0.000188 0.000969 0.000000 1.000000 
399 1.300111 1.531081 0.000000 -0.001115 0.000947 0.000000 1.000000 
400 -1.834517 0.111544 0.000000 -0.000093 -0.001526 0.000000 1.000000 
401 2.966188 -1.478264 0.000000 0.000508 0.001019 0.000000 1.000000 
402 1.021973 -0.189520 0.000000 0.000371 0.001999 0.000000 1.000000 
403 -2.488592 3.275518 0.000000 -0.000814 -0.000618 0.000000 1.000000 
404 2.283407 3.205693 0.000000 -0.000851 0.000606 0.000000 1.000000 
405 -2.780322 -1.292120 0.000000 0.000499 -0.001073 0.000000 1.000000 
406 -4.457020 0.181070 0.000000 -0.000040 -0.000981 0.000000 1.000000 
407 3.427957 0.073439 0.000000 -0.000024 0.001119 0.000000 1.000000 
408 -3.875514 -0.551629 0.000000 0.000148 -0.001037 0.000000 1.000000 
409 -1.350532 1.250822 0.000000 -0.001038 -0.001121 0.000000 1.000000 
410 -0.949241 -0.869070 0.000000 0.001234 -0.001348 0.000000 1.000000 
411 1.363310 -2.781322 0.000000 0.001057 0.000518 0.000000 1.000000 
412 -0.457402 -1.123636 0.000000 0.001743 -0.000709 0.000000 1.000000 
413 0.396102 -3.009664 0.000000 0.001179 0.000155 0.000000 1.000000 
414 -1.200213 3.613672 0.000000 -0.001008 -0.000335 0.000000 1.000000 
415 -3.718638 -0.478202 0.000000 0.000137 -0.001062 0.000000 1.000000 
416 -3.793696 1.510413 0.000000 -0.000379 -0.000953 0.000000 1.000000 
417 1.828865 -1.722385 0.000000 0.000897 0.000952 0.000000 1.000000 
418 -4.165872 -1.202947 0.000000 0.000276 -0.000956 0.000000 1.000000 
419 3.982341 0.047304 0.000000 -0.000012 0.001039 0.000000 1.000000 
420 -3.970464 1.539833 0.000000 -0.000363 -0.000936 0.000000 1.000000 
421 -1.220998 0.731543 0.000000 -0.000893 -0.001490 0.000000 1.000000 
422 1.318693 3.329007 0.000000 -0.001018 0.000403 0.000000 1.000000 
423 -2.723292 -1.266909 0.000000 0.000504 -0.001084 0.000000 1.000000 
424 -3.965511 1.943675 0.000000 -0.000434 -0.000886 0.000000 1.000000 
425 1.059974 -1.327072 0.000000 0.001243 0.000993 0.000000 1.000000 
426 3.046005 -1.838431 0.000000 0.000568 0.000941 0.000000 1.000000 
427 -1.708491 -0.346635 0.000000 0.000312 -0.001538 0.000000 1.000000 
428 -2.905243 0.638247 0.000000 -0.000258 -0.001174 0.000000 1.000000 
429 0.047129 -3.720767 0.000000 0.001074 0.000014 0.000000 1.000000 
430 -0.060846 4.183271 0.000000 -0.001013 -0.000015 0.000000 1.000000 
431 0.087123 3.427917 0.000000 -0.001119 0.000028 0.000000 1.000000 
432 -0.501399 3.646411 0.000000 -0.001070 -0.000147 0.000000 1.000000 
433 -3.592319 -2.653536 0.000000 0.000583 -0.000789 0.000000 1.000000 
434 -1.596973 3.765100 0.000000 -0.000944 -0.000400 0.000000 1.000000 
435 3.723542 -0.401722 0.000000 0.000115 0.001065 0.000000 1.000000 
436 -3.374192 -1.082800 0.000000 0.000336 -0.001048 0.000000 1.000000 
437 2.107239 1.145539 0.000000 -0.000639 0.001176 0.000000 1.000000 
438 1.090457 3.583454 0.000000 -0.001025 0.000312 0.000000 1.000000 
439 1.600216 3.368232 0.000000 -0.000969 0.000461 0.000000 1.000000 
440 -1.325853 2.750959 0.000000 -0.001068 -0.000515 0.000000 1.000000 
441 -2.067461 -3.599456 0.000000 0.000882 -0.000507 0.000000 1.000000 
442 3.334613 2.149291 0.000000 -0.000564 0.000875 0.000000 1.000000 
443 -3.996845 -1.710792 0.000000 0.000391 -0.000914 0.000000 1.000000 
444 -0.505232 3.772933 0.000000 -0.001053 -0.000141 0.000000 1.000000 
445 -2.756010 -0.529077 0.000000 0.000233 -0.001215 0.000000 1.000000 
446 -0.901431 3.793582 0.000000 -0.001021 -0.000243 0.000000 1.000000 
447 -1.324020 1.327285 0.000000 -0.001072 -0.001069 0.000000 1.000000 
448 1.122974 2.287841 0.000000 -0.001165 0.000572 0.000000 1.000000 
449 -3.791131 1.428396 0.000000 -0.000363 -0.000964 0.000000 1.000000 
450 -1.259362 -1.344393 0.000000 0.001115 -0.001044 0.000000 1.000000 
451 -2.497921 2.483853 0.000000 -0.000779 -0.000783 0.000000 1.000000 
452 -0.421946 -0.459893 0.000000 0.001933 -0.001774 0.000000 1.000000 
453 1.895668 -3.643934 0.000000 0.000907 0.000472 0.000000 1.000000 
454 2.614186 0.296842 0.000000 -0.000144 0.001270 0.000000 1.000000 
455 -0.700435 -1.443661 0.000000 0.001472 -0.000714 0.000000 1.000000 
456 -0.369451 0.442304 0.000000 -0.002095 -0.001750 0.000000 1.000000 
457 -1.852264 -0.291820 0.000000 0.000236 -0.001495 0.000000 1.000000 
458 3.661672 -2.382373 0.000000 0.000541 0.000831 0.000000 1.000000 
459 -2.339362 1.272380 0.000000 -0.000607 -0.001116 0.000000 1.000000 
460 -2.894353 -3.365281 0.000000 0.000746 -0.000641 0.000000 1.000000 
461 0.087339 -1.699758 0.000000 0.001587 0.000082 0.000000 1.000000 
462 1.015204 2.422987 0.000000 -0.001179 0.000494 0.000000 1.000000 
463 0.515452 2.045116 0.000000 -0.001384 0.000349 0.000000 1.000000 
464 -2.007885 0.432184 0.000000 -0.000304 -0.001414 0.000000 1.000000 
465 0.716528 -1.638653 0.000000 0.001420 0.000621 0.000000 1.000000 
466 2.081957 -1.854857 0.000000 0.000826 0.000927 0.000000 1.000000 
467 2.677494 -3.110031 0.000000 0.000775 0.000668 0.000000 1.000000 
468 -2.749016 0.734081 0.000000 -0.000317 -0.001187 0.000000 1.000000 
469 -3.808434 1.607766 0.000000 -0.000396 -0.000939 0.000000 1.000000 
470 1.860789 -3.086148 0.000000 0.000935 0.000564 0.000000 1.000000 
471 -2.970561 3.107151 0.000000 -0.000723 -0.000691 0.000000 1.000000 
472 -3.142831 -1.075893 0.000000 0.000368 -0.001076 0.000000 1.000000 
473 -2.905447 0.009027 0.000000 -0.000004 -0.001216 0.000000 1.000000 
474 -3.368840 -0.900325 0.000000 0.000287 -0.001072 0.000000 1.000000 
475 0.266007 3.249938 0.000000 -0.001144 0.000094 0.000000 1.000000 
476 2.038508 0.736036 0.000000 -0.000478 0.001324 0.000000 1.000000 
477 -3.217953 -2.286970 0.000000 0.000604 -0.000850 0.000000 1.000000 
478 1.054859 1.254805 0.000000 -0.001239 0.001042 0.000000 1.000000 
479 -0.085846 3.745891 0.000000 -0.001070 -0.000025 0.000000 1.000000 
480 0.177154 -1.146797 0.000000 0.001902 0.000294 0.000000 1.000000 
481 -1.439468 3.474823 0.000000 -0.000987 -0.000409 0.000000 1.000000 
482 -1.969979 -2.711483 0.000000 0.000916 -0.000665 0.000000 1.000000 
483 -0.912239 -0.609122 0.000000 0.001099 -0.001646 0.000000 1.000000 
484 -1.540408 1.440017 0.000000 -0.000975 -0.001043 0.000000 1.000000 
485 -1.039433 -0.023894 0.000000 0.000047 -0.002032 0.000000 1.000000 
486 -2.231149 2.366843 0.000000 -0.000836 -0.000788 0.000000 1.000000 
487 -1.009528 -0.515956 0.000000 0.000886 -0.001733 0.000000 1.000000 
488 -3.348826 -0.237096 0.000000 0.000080 -0.001128 0.000000 1.000000 
489 0.208856 -2.848919 0.000000 0.001223 0.000090 0.000000 1.000000 
490 -1.944050 -0.809271 0.000000 0.000549 -0.001319 0.000000 1.000000 
491 1.394147 -4.062144 0.000000 0.000946 0.000325 0.000000 1.000000 
492 -3.104722 -1.146850 0.000000 0.000395 -0.001069 0.000000 1.000000 
493 0.773562 2.711341 0.000000 -0.001187 0.000339 0.000000 1.000000 
494 -3.459275 1.804271 0.000000 -0.000485 -0.000930 0.000000 1.000000 
495 -3.234689 0.645971 0.000000 -0.000223 -0.001119 0.000000 1.000000 
496 -4.230757 0.150786 0.000000 -0.000036 -0.001007 0.000000 1.000000 
497 1.158842 4.111194 0.000000 -0.000965 0.000272 0.000000 1.000000 
498 -1.743281 -1.565615 0.000000 0.000905 -0.001007 0.000000 1.000000 
499 -1.497282 0.187352 0.000000 -0.000209 -0.001674 0.000000 1.000000 
500 -0.313249 -0.396339 0.000000 0.002288 -0.001808 0.000000 1.000000 
501 0.148561 1.385649 0.000000 -0.001746 0.000187 0.000000 1.000000 
502 -3.336132 -1.039564 0.000000 0.000330 -0.001059 0.000000 1.000000 
503 -0.571328 -4.430481 0.000000 0.000973 -0.000125 0.000000 1.000000 
504 -0.876386 -2.133366 0.000000 0.001262 -0.000519 0.000000 1.000000 
505 4.172110 -1.049532 0.000000 0.000244 0.000969 0.000000 1.000000 
506 3.688253 -1.224313 0.000000 0.000331 0.000998 0.000000 1.000000 
507 -0.469991 3.813489 0.000000 -0.001049 -0.000129 0.000000 1.000000 
508 2.464416 -2.183889 0.000000 0.000758 0.000855 0.000000 1.000000 
509 3.159958 -0.698888 0.000000 0.000249 0.001125 0.000000 1.000000 
510 -0.313055 3.864522 0.000000 -0.001049 -0.000085 0.000000 1.000000 
511 -2.803517 2.951827 0.000000 -0.000745 -0.000707 0.000000 1.000000 
512 3.884484 -1.887318 0.000000 0.000436 0.000897 0.000000 1.000000 
513 0.929445 -1.714802 0.000000 0.001305 0.000707 0.000000 1.000000 
514 0.836817 -2.432734 0.000000 0.001222 0.000420 0.000000 1.000000 
515 -3.776880 1.404748 0.000000 -0.000360 -0.000968 0.000000 1.000000 
516 -0.589671 -0.194528 0.000000 0.000824 -0.002498 0.000000 1.000000 
517 0.110520 2.123864 0.000000 -0.001419 0.000074 0.000000 1.000000 
518 -2.214038 -2.332984 0.000000 0.000838 -0.000796 0.000000 1.000000 
519 -3.914383 -2.152885 0.000000 0.000473 -0.000859 0.000000 1.000000 
520 -4.004835 -1.935866 0.000000 0.000428 -0.000885 0.000000 1.000000 
521 -0.285750 -2.355696 0.000000 0.001336 -0.000162 0.000000 1.000000 
522 -1.350348 -1.417083 0.000000 0.001072 -0.001022 0.000000 1.000000 
523 3.686324 1.271729 0.000000 -0.000342 0.000992 0.000000 1.000000 
524 0.493764 -3.776621 0.000000 0.001053 0.000138 0.000000 1.000000 
525 4.235517 -0.459354 0.000000 0.000108 0.000998 0.000000 1.000000 
526 -2.059906 3.883338 0.000000 -0.000873 -0.000463 0.000000 1.000000 
527 -3.890716 1.903177 0.000000 -0.000438 -0.000895 0.000000 1.000000 
528 -0.725412 -1.180930 0.000000 0.001500 -0.000922 0.000000 1.000000 
529 -1.361863 2.484387 0.000000 -0.001080 -0.000592 0.000000 1.000000 
530 -3.611537 -1.413562 0.000000 0.000384 -0.000980 0.000000 1.000000 
531 2.150984 1.470456 0.000000 -0.000725 0.001060 0.000000 1.000000 
532 4.172161 -0.783686 0.000000 0.000186 0.000989 0.000000 1.000000 
533 2.696717 -3.063791 0.000000 0.000770 0.000678 0.000000 1.000000 
534 0.166838 1.303215 0.000000 -0.001794 0.000230 0.000000 1.000000 
535 3.402244 -1.745382 0.000000 0.000484 0.000943 0.000000 1.000000 
536 -1.639517 1.888350 0.000000 -0.000990 -0.000859 0.000000 1.000000 
537 1.193859 -2.360128 0.000000 0.001137 0.000575 0.000000 1.000000 
538 3.260569 1.376053 0.000000 -0.000428 0.001015 0.000000 1.000000 
539 -3.908262 2.048936 0.000000 -0.000458 -0.000874 0.000000 1.000000 
540 0.649912 -1.897102 0.000000 0.001385 0.000474 0.000000 1.000000 
541 -1.469488 2.692025 0.000000 -0.001039 -0.000567 0.000000 1.000000 
542 -1.719201 1.161400 0.000000 -0.000806 -0.001192 0.000000 1.000000 
543 -0.293167 1.793481 0.000000 -0.001517 -0.000248 0.000000 1.000000 
544 -1.455622 -2.542042 0.000000 0.001051 -0.000602 0.000000 1.000000 
545 -0.522684 1.300242 0.000000 -0.001625 -0.000653 0.000000 1.000000 
546 2.075643 -2.691582 0.000000 0.000890 0.000687 0.000000 1.000000 
547 -2.567934 2.887475 0.000000 -0.000788 -0.000701 0.000000 1.000000 
548 -0.376149 -1.029662 0.000000 0.001859 -0.000679 0.000000 1.000000 
549 -2.808285 0.634979 0.000000 -0.000269 -0.001191 0.000000 1.000000 
550 0.023670 -0.457652 0.000000 0.003058 0.000158 0.000000 1.000000 
551 -2.929917 1.433320 0.000000 -0.000504 -0.001031 0.000000 1.000000 
552 -2.082000 -2.088242 0.000000 0.000855 -0.000852 0.000000 1.000000 
553 -2.565394 2.492638 0.000000 -0.000764 -0.000786 0.000000 1.000000 
554 -1.857613 2.155053 0.000000 -0.000931 -0.000802 0.000000 1.000000 
555 -0.804934 3.168888 0.000000 -0.001111 -0.000282 0.000000 1.000000 
556 -1.720629 1.360261 0.000000 -0.000868 -0.001098 0.000000 1.000000 
557 -4.089930 -1.089659 0.000000 0.000259 -0.000974 0.000000 1.000000 
558 -0.434513 -3.293031 0.000000 0.001127 -0.000149 0.000000 1.000000 
559 -0.103216 2.363785 0.000000 -0.001346 -0.000059 0.000000 1.000000 
560 -0.521383 -0.469195 0.000000 0.001655 -0.001840 0.000000 1.000000 
561 0.514387 -0.776025 0.000000 0.001790 0.001187 0.000000 1.000000 
562 -2.479072 3.634019 0.000000 -0.000816 -0.000557 0.000000 1.000000 
563 -0.565367 -0.252260 0.000000 0.001073 -0.002406 0.000000 1.000000 
564 0.805513 0.988227 0.000000 -0.001423 0.001160 0.000000 1.000000 
565 0.118930 2.907538 0.000000 -0.001214 0.000050 0.000000 1.000000 
566 0.197622 -2.841664 0.000000 0.001225 0.000085 0.000000 1.000000 
567 4.206579 0.001127 0.000000 -0.000000 0.001011 0.000000 1.000000 
568 -1.888100 1.446225 0.000000 -0.000817 -0.001067 0.000000 1.000000 
569 1.279217 -4.013160 0.000000 0.000962 0.000307 0.000000 1.000000 
570 -3.731281 1.528187 0.000000 -0.000391 -0.000955 0.000000 1.000000 
571 -1.530980 -3.008727 0.000000 0.001005 -0.000512 0.000000 1.000000 
572 -1.208376 1.694915 0.000000 -0.001170 -0.000834 0.000000 1.000000 
573 1.871055 -1.949809 0.000000 0.000910 0.000873 0.000000 1.000000 
574 -3.750207 0.841617 0.000000 -0.000232 -0.001032 0.000000 1.000000 
575 0.370439 -3.301278 0.000000 0.001130 0.000127 0.000000 1.000000 
576 3.948176 -1.803221 0.000000 0.000413 0.000905 0.000000 1.000000 
577 -2.021838 2.416519 0.000000 -0.000896 -0.000749 0.000000 1.000000 
578 -0.145482 -1.438976 0.000000 0.001715 -0.000173 0.000000 1.000000 
579 -1.764869 1.230621 0.000000 -0.000808 -0.001159 0.000000 1.000000 
580 3.346780 -2.124898 0.000000 0.000558 0.000879 0.000000 1.000000 
581 2.966071 1.209906 0.000000 -0.000437 0.001072 0.000000 1.000000 
582 -1.741418 -3.612878 0.000000 0.000932 -0.000449 0.000000 1.000000 
583 0.089417 3.499005 0.000000 -0.001108 0.000028 0.000000 1.000000 
584 -0.964727 4.033620 0.000000 -0.000990 -0.000237 0.000000 1.000000 
585 1.040288 -3.489433 0.000000 0.001041 0.000310 0.000000 1.000000 
586 -1.596748 -3.713496 0.000000 0.000947 -0.000407 0.000000 1.000000 
587 -1.836640 1.671704 0.000000 -0.000885 -0.000973 0.000000 1.000000 
588 -2.791148 -0.488693 0.000000 0.000212 -0.001213 0.000000 1.000000 
589 1.270115 -4.139024 0.000000 0.000952 0.000292 0.000000 1.000000 
590 1.798324 -2.152527 0.000000 0.000950 0.000793 0.000000 1.000000 
591 3.431132 -1.679746 0.000000 0.000466 0.000952 0.000000 1.000000 
592 3.339102 1.031272 0.000000 -0.000327 0.001059 0.000000 1.000000 
593 3.596280 -1.573232 0.000000 0.000419 0.000958 0.000000 1.000000 
594 2.379982 -1.510665 0.000000 0.000662 0.001042 0.000000 1.000000 
595 -2.077621 1.141660 0.000000 -0.000648 -0.001180 0.000000 1.000000 
596 -1.213237 -2.546455 0.000000 0.001114 -0.000531 0.000000 1.000000 
597 0.180429 -3.675702 0.000000 0.001079 0.000053 0.000000 1.000000 
598 -1.214479 -0.082922 0.000000 0.000128 -0.001874 0.000000 1.000000 
599 -2.308136 0.360673 0.000000 -0.000209 -0.001340 0.000000 1.000000 
600 2.461251 0.751673 0.000000 -0.000377 0.001236 0.000000 1.000000 
601 3.143206 0.409928 0.000000 -0.000151 0.001154 0.000000 1.000000 
602 -0.654386 -2.583117 0.000000 0.001231 -0.000312 0.000000 1.000000 
603 -0.562762 0.752042 0.000000 -0.001712 -0.001281 0.000000 1.000000 
604 1.248559 0.991506 0.000000 -0.001021 0.001285 0.000000 1.000000 
605 -0.224645 1.183631 0.000000 -0.001855 -0.000352 0.000000 1.000000 
606 -2.327649 -0.845231 0.000000 0.000450 -0.001238 0.000000 1.000000 
607 2.866032 1.169254 0.000000 -0.000445 0.001091 0.000000 1.000000 
608 -1.717788 1.224434 0.000000 -0.000828 -0.001162 0.000000 1.000000 
609 -2.951961 1.565524 0.000000 -0.000531 -0.001002 0.000000 1.000000 
610 -2.222182 2.180090 0.000000 -0.000823 -0.000839 0.000000 1.000000 
611 -2.968970 2.300344 0.000000 -0.000655 -0.000845 0.000000 1.000000 
612 2.444945 -0.713200 0.000000 0.000364 0.001247 0.000000 1.000000 
613 -3.907736 0.635281 0.000000 -0.000167 -0.001028 0.000000 1.000000 
614 3.078766 -2.406438 0.000000 0.000646 0.000826 0.000000 1.000000 
615 0.480438 -2.232956 0.000000 0.001341 0.000288 0.000000 1.000000 
616 2.156189 1.508583 0.000000 -0.000732 0.001047 0.000000 1.000000 
617 0.608161 -0.833168 0.000000 0.001648 0.001203 0.000000 1.000000 
618 -3.177121 -1.865469 0.000000 0.000547 -0.000931 0.000000 1.000000 
619 0.701522 2.852080 0.000000 -0.001174 0.000289 0.000000 1.000000 
620 3.720258 -1.534274 0.000000 0.000394 0.000955 0.000000 1.000000 
621 -0.734383 3.937749 0.000000 -0.001018 -0.000190 0.000000 1.000000 
622 -2.832539 -0.856995 0.000000 0.000349 -0.001153 0.000000 1.000000 
623 -3.938259 -0.044698 0.000000 0.000012 -0.001044 0.000000 1.000000 
624 -2.159539 -2.753851 0.000000 0.000872 -0.000684 0.000000 1.000000 
625 3.248613 0.065033 0.000000 -0.000023 0.001150 0.000000 1.000000 
626 -3.195175 0.767758 0.000000 -0.000267 -0.001112 0.000000 1.000000 
627 0.612181 1.114505 0.000000 -0.001611 0.000885 0.000000 1.000000 
628 0.500031 0.847577 0.000000 -0.001800 0.001062 0.000000 1.000000 
629 -0.269950 0.023558 0.000000 -0.000346 -0.003967 0.000000 1.000000 
630 2.320365 1.432903 0.000000 -0.000659 0.001068 0.000000 1.000000 
631 -0.496625 -1.460837 0.000000 0.001580 -0.000537 0.000000 1.000000 
632 -1.382754 -0.386500 0.000000 0.000466 -0.001666 0.000000 1.000000 
633 1.104075 -3.694520 0.000000 0.001011 0.000302 0.000000 1.000000 
634 1.460056 1.669892 0.000000 -0.001048 0.000916 0.000000 1.000000 
635 -3.483367 -0.330798 0.000000 0.000105 -0.001103 0.000000 1.000000 
636 -2.595179 -0.059731 0.000000 0.000030 -0.001286 0.000000 1.000000 
637 0.900325 0.132535 0.000000 -0.000316 0.002150 0.000000 1.000000 
638 -0.566475 1.187220 0.000000 -0.001631 -0.000778 0.000000 1.000000 
639 1.144359 3.717325 0.000000 -0.001004 0.000309 0.000000 1.000000 
640 -1.420095 -0.721347 0.000000 0.000744 -0.001464 0.000000 1.000000 
641 -3.199821 -1.875089 0.000000 0.000544 -0.000929 0.000000 1.000000 
642 1.163259 -2.490068 0.000000 0.001133 0.000529 0.000000 1.000000 
643 -2.825984 1.445045 0.000000 -0.000530 -0.001036 0.000000 1.000000 
644 -2.829219 -2.170737 0.000000 0.000668 -0.000871 0.000000 1.000000 
645 3.483569 0.741052 0.000000 -0.000229 0.001074 0.000000 1.000000 
646 -0.656019 0.702061 0.000000 -0.001545 -0.001444 0.000000 1.000000 
647 2.536241 -2.158167 0.000000 0.000736 0.000865 0.000000 1.000000 
648 1.945032 3.027082 0.000000 -0.000919 0.000591 0.000000 1.000000 
649 2.969027 0.750383 0.000000 -0.000290 0.001148 0.000000 1.000000 
650 0.612558 -3.594784 0.000000 0.001070 0.000182 0.000000 1.000000 
651 1.643325 3.289128 0.000000 -0.000967 0.000483 0.000000 1.000000 
652 2.489699 -0.412072 0.000000 0.000213 0.001287 0.000000 1.000000 
653 -3.255137 -0.587228 0.000000 0.000202 -0.001122 0.000000 1.000000 
654 -2.428113 -2.979090 0.000000 0.000820 -0.000668 0.000000 1.000000 
655 -1.497955 -2.883645 0.000000 0.001020 -0.000530 0.000000 1.000000 
656 -1.290609 4.238219 0.000000 -0.000942 -0.000287 0.000000 1.000000 
657 -0.546973 -0.355741 0.000000 0.001399 -0.002151 0.000000 1.000000 
658 -1.166421 -3.977203 0.000000 0.000977 -0.000287 0.000000 1.000000 
659 2.815667 -2.264113 0.000000 0.000683 0.000850 0.000000 1.000000 
660 -0.470859 -2.621252 0.000000 0.001250 -0.000225 0.000000 1.000000 
661 -2.204369 -3.386259 0.000000 0.000864 -0.000563 0.000000 1.000000 
662 -1.107656 1.683581 0.000000 -0.001220 -0.000802 0.000000 1.000000 
663 -3.430995 1.218743 0.000000 -0.000364 -0.001024 0.000000 1.000000 
664 2.297865 -3.598471 0.000000 0.000845 0.000540 0.000000 1.000000 
665 -3.279344 -2.291457 0.000000 0.000594 -0.000849 0.000000 1.000000 
666 -1.306619 1.428603 0.000000 -0.001099 -0.001005 0.000000 1.000000 
667 -3.661979 -2.366693 0.000000 0.000539 -0.000834 0.000000 1.000000 
668 2.305935 -2.946261 0.000000 0.000844 0.000660 0.000000 1.000000 
669 0.459121 -0.446907 0.000000 0.001806 0.001855 0.000000 1.000000 
670 -1.335766 0.019432 0.000000 -0.000026 -0.001793 0.000000 1.000000 
671 -0.355285 -2.914973 0.000000 0.001201 -0.000146 0.000000 1.000000 
672 2.832612 2.022467 0.000000 -0.000646 0.000904 0.000000 1.000000 
673 -2.746518 -3.206552 0.000000 0.000766 -0.000656 0.000000 1.000000 
674 -1.346108 -0.408607 0.000000 0.000508 -0.001672 0.000000 1.000000 
675 -4.303069 -0.408129 0.000000 0.000094 -0.000992 0.000000 1.000000 
676 -0.320638 4.250238 0.000000 -0.001001 -0.000076 0.000000 1.000000 
677 -3.452117 -1.010293 0.000000 0.000307 -0.001049 0.000000 1.000000 
678 -1.942877 -2.786703 0.000000 0.000922 -0.000643 0.000000 1.000000 
679 0.503563 4.114697 0.000000 -0.001010 0.000124 0.000000 1.000000 
680 4.348732 0.960530 0.000000 -0.000212 0.000959 0.000000 1.000000 
681 -1.516366 -1.372836 0.000000 0.000973 -0.001074 0.000000 1.000000 
682 -1.712767 -1.471419 0.000000 0.000899 -0.001046 0.000000 1.000000 
683 3.389017 -1.016771 0.000000 0.000317 0.001055 0.000000 1.000000 
684 -0.085798 -2.190262 0.000000 0.001399 -0.000055 0.000000 1.000000 
685 -0.065706 -4.133685 0.000000 0.001019 -0.000016 0.000000 1.000000 
686 -0.806911 -3.765712 0.000000 0.001033 -0.000221 0.000000 1.000000 
687 -2.139128 -0.831740 0.000000 0.000496 -0.001275 0.000000 1.000000 
688 -2.915207 -1.023118 0.000000 0.000390 -0.001113 0.000000 1.000000 
689 -3.463299 -1.508045 0.000000 0.000426 -0.000978 0.000000 1.000000 
690 -1.387292 4.192458 0.000000 -0.000936 -0.000310 0.000000 1.000000 
691 1.967844 0.552394 0.000000 -0.000392 0.001396 0.000000 1.000000 
692 -0.018967 -3.955580 0.000000 0.001042 -0.000005 0.000000 1.000000 
693 -1.290116 1.431981 0.000000 -0.001109 -0.000999 0.000000 1.000000 
694 -1.464686 -1.317218 0.000000 0.000987 -0.001098 0.000000 1.000000 
695 0.107818 -0.562736 0.000000 0.002689 0.000515 0.000000 1.000000 
696 -1.145542 -1.397852 0.000000 0.001192 -0.000977 0.000000 1.000000 
697 -1.288434 3.825598 0.000000 -0.000978 -0.000329 0.000000 1.000000 
698 -3.443378 0.146549 0.000000 -0.000047 -0.001115 0.000000 1.000000 
699 -0.126598 2.043383 0.000000 -0.001446 -0.000090 0.000000 1.000000 
700 -1.314584 -2.304876 0.000000 0.001105 -0.000630 0.000000 1.000000 
701 -0.230225 -0.665080 0.000000 0.002335 -0.000808 0.000000 1.000000 
702 -0.168143 -1.257021 0.000000 0.001824 -0.000244 0.000000 1.000000 
703 -3.585422 -2.509316 0.000000 0.000568 -0.000812 0.000000 1.000000 
704 -2.488478 3.560257 0.000000 -0.000815 -0.000570 0.000000 1.000000 
705 -2.046200 1.951720 0.000000 -0.000851 -0.000892 0.000000 1.000000 
706 2.552904 1.480454 0.000000 -0.000605 0.001044 0.000000 1.000000 
707 -3.090223 -1.573341 0.000000 0.000505 -0.000992 0.000000 1.000000 
708 0.874230 -1.817119 0.000000 0.001315 0.000633 0.000000 1.000000 
709 2.837597 3.013573 0.000000 -0.000742 0.000698 0.000000 1.000000 
710 -0.127452 3.925128 0.000000 -0.001045 -0.000034 0.000000 1.000000 
711 -0.588067 2.419783 0.000000 -0.001276 -0.000310 0.000000 1.000000 
712 1.219117 -1.093998 0.000000 0.001082 0.001205 0.000000 1.000000 
713 1.669793 -0.429541 0.000000 0.000393 0.001529 0.000000 1.000000 
714 0.257308 2.680503 0.000000 -0.001257 0.000121 0.000000 1.000000 
715 -2.502488 -0.120128 0.000000 0.000063 -0.001308 0.000000 1.000000 
716 -3.912202 -0.895110 0.000000 0.000231 -0.001009 0.000000 1.000000 
717 -1.079032 -3.368390 0.000000 0.001050 -0.000336 0.000000 1.000000 
718 4.055293 0.044601 0.000000 -0.000011 0.001029 0.000000 1.000000 
719 -0.197504 -2.081183 0.000000 0.001427 -0.000135 0.000000 1.000000 
720 -1.426346 2.931603 0.000000 -0.001032 -0.000502 0.000000 1.000000 
721 -1.152579 -0.318374 0.000000 0.000505 -0.001827 0.000000 1.000000 
722 -1.202856 -0.852094 0.000000 0.000987 -0.001393 0.000000 1.000000 
723 -4.122553 -0.898341 0.000000 0.000215 -0.000986 0.000000 1.000000 
724 1.747353 -1.092155 0.000000 0.000765 0.001224 0.000000 1.000000 
725 -3.788280 -0.718178 0.000000 0.000197 -0.001037 0.000000 1.000000 
726 0.029100 0.915506 0.000000 -0.002165 0.000069 0.000000 1.000000 
727 1.388401 1.867162 0.000000 -0.001090 0.000811 0.000000 1.000000 
728 -0.459548 -0.721151 0.000000 0.001890 -0.001205 0.000000 1.000000 
729 -1.108081 -2.752942 0.000000 0.001116 -0.000449 0.000000 1.000000 
730 -1.550513 3.815872 0.000000 -0.000946 -0.000384 0.000000 1.000000 
731 -2.025869 -1.188030 0.000000 0.000684 -0.001167 0.000000 1.000000 
732 1.707014 3.602706 0.000000 -0.000938 0.000444 0.000000 1.000000 
733 -3.107162 1.166330 0.000000 -0.000400 -0.001065 0.000000 1.000000 
734 -2.688086 -2.758007 0.000000 0.000756 -0.000737 0.000000 1.000000 
735 -1.656431 3.093796 0.000000 -0.000975 -0.000522 0.000000 1.000000 
736 -0.004469 2.223498 0.000000 -0.001390 -0.000003 0.000000 1.000000 
737 1.598074 2.875031 0.000000 -0.000999 0.000555 0.000000 1.000000 
738 2.040407 -3.180179 0.000000 0.000897 0.000576 0.000000 1.000000 
739 -3.651212 -2.511579 0.000000 0.000558 -0.000811 0.000000 1.000000 
740 0.410786 -2.617041 0.000000 0.001258 0.000197 0.000000 1.000000 
741 -0.817724 2.218829 0.000000 -0.001265 -0.000466 0.000000 1.000000 
742 -0.465438 3.151950 0.000000 -0.001149 -0.000170 0.000000 1.000000 
743 -3.014017 -1.332643 0.000000 0.000462 -0.001044 0.000000 1.000000 
744 2.244323 -2.848227 0.000000 0.000855 0.000674 0.000000 1.000000 
745 1.701682 3.941952 0.000000 -0.000918 0.000396 0.000000 1.000000 
746 2.065145 -0.221806 0.000000 0.000154 0.001430 0.000000 1.000000 
747 -0.849432 1.203464 0.000000 -0.001395 -0.000985 0.000000 1.000000 
748 -4.164651 0.210418 0.000000 -0.000051 -0.001014 0.000000 1.000000 
749 2.632800 -3.073471 0.000000 0.000782 0.000670 0.000000 1.000000 
750 -1.075701 -0.520887 0.000000 0.000826 -0.001706 0.000000 1.000000 
751 -3.495718 -0.679336 0.000000 0.000210 -0.001078 0.000000 1.000000 
752 1.215039 -2.399791 0.000000 0.001127 0.000571 0.000000 1.000000 
753 -0.999551 -0.530951 0.000000 0.000914 -0.001721 0.000000 1.000000 
754 -3.247043 -2.212803 0.000000 0.000589 -0.000864 0.000000 1.000000 
755 4.193974 1.314756 0.000000 -0.000296 0.000943 0.000000 1.000000 
756 -2.063049 2.226097 0.000000 -0.000873 -0.000809 0.000000 1.000000 
757 3.266154 2.453422 0.000000 -0.000616 0.000820 0.000000 1.000000 
758 -0.526250 1.412733 0.000000 -0.001582 -0.000589 0.000000 1.000000 
759 -0.379748 -4.110515 0.000000 0.001016 -0.000094 0.000000 1.000000 
760 1.783520 2.226079 0.000000 -0.000958 0.000767 0.000000 1.000000 
761 1.498881 3.283137 0.000000 -0.000992 0.000453 0.000000 1.000000 
762 2.718186 -2.954913 0.000000 0.000761 0.000700 0.000000 1.000000 
763 -1.908125 1.433718 0.000000 -0.000806 -0.001073 0.000000 1.000000 
764 1.072824 1.843244 0.000000 -0.001227 0.000714 0.000000 1.000000 
765 -0.885247 0.263000 0.000000 -0.000614 -0.002068 0.000000 1.000000 
766 1.084366 0.672359 0.000000 -0.000967 0.001559 0.000000 1.000000 
767 -1.769410 0.692504 0.000000 -0.000548 -0.001400 0.000000 1.000000 
768 -1.358050 1.373589 0.000000 -0.001061 -0.001049 0.000000 1.000000 
769 -0.321014 -4.137554 0.000000 0.001014 -0.000079 0.000000 1.000000 
770 0.380821 1.486099 0.000000 -0.001621 0.000415 0.000000 1.000000 
771 1.828314 1.293674 0.000000 -0.000800 0.001131 0.000000 1.000000 
772 -1.234671 -0.623605 0.000000 0.000795 -0.001573 0.000000 1.000000 
773 -1.805773 3.249490 0.000000 -0.000940 -0.000522 0.000000 1.000000 
774 -0.305820 2.639281 0.000000 -0.001263 -0.000146 0.000000 1.000000 
775 3.219001 1.779137 0.000000 -0.000523 0.000946 0.000000 1.000000 
776 -0.319109 -3.222328 0.000000 0.001146 -0.000114 0.000000 1.000000 
777 2.655250 0.317698 0.000000 -0.000151 0.001258 0.000000 1.000000 
778 2.939811 1.041286 0.000000 -0.000392 0.001106 0.000000 1.000000 
779 4.013186 0.976470 0.000000 -0.000241 0.000991 0.000000 1.000000 
780 -4.098440 -0.799268 0.000000 0.000194 -0.000996 0.000000 1.000000 
781 1.374963 -2.994940 0.000000 0.001038 0.000476 0.000000 1.000000 
782 0.558202 -2.510101 0.000000 0.001262 0.000281 0.000000 1.000000 
783 -0.902333 -0.401483 0.000000 0.000848 -0.001906 0.000000 1.000000 
784 0.840511 -2.454820 0.000000 0.001217 0.000417 0.000000 1.000000 
785 3.623804 2.243210 0.000000 -0.000528 0.000854 0.000000 1.000000 
786 1.963214 3.221967 0.000000 -0.000911 0.000555 0.000000 1.000000 
787 -1.778442 -1.589958 0.000000 0.000894 -0.001000 0.000000 1.000000 
788 -0.112932 0.984927 0.000000 -0.002068 -0.000237 0.000000 1.000000 
789 -4.165085 -1.038463 0.000000 0.000242 -0.000971 0.000000 1.000000 
790 -1.704072 -1.725351 0.000000 0.000947 -0.000935 0.000000 1.000000 
791 1.460872 0.660491 0.000000 -0.000674 0.001492 0.000000 1.000000 
792 -0.473775 -0.508135 0.000000 0.001819 -0.001696 0.000000 1.000000 
793 2.131791 -3.392117 0.000000 0.000877 0.000551 0.000000 1.000000 
794 0.245776 3.309157 0.000000 -0.001135 0.000084 0.000000 1.000000 
795 2.535572 -1.119223 0.000000 0.000503 0.001139 0.000000 1.000000 
796 1.610584 -0.173924 0.000000 0.000175 0.001619 0.000000 1.000000 
797 3.438287 -0.582965 0.000000 0.000186 0.001094 0.000000 1.000000 
798 0.854841 -1.094642 0.000000 0.001386 0.001082 0.000000 1.000000 
799 3.213011 2.546511 0.000000 -0.000636 0.000802 0.000000 1.000000 
800 0.037823 4.432330 0.000000 -0.000984 0.000008 0.000000 1.000000 
801 0.256016 3.143406 0.000000 -0.001163 0.000095 0.000000 1.000000 
802 1.895603 -1.226103 0.000000 0.000749 0.001158 0.000000 1.000000 
803 1.230136 -2.363652 0.000000 0.001126 0.000586 0.000000 1.000000 
804 0.144601 3.133865 0.000000 -0.001169 0.000054 0.000000 1.000000 
805 0.749507 -3.537945 0.000000 0.001066 0.000226 0.000000 1.000000 
806 -0.647512 0.534226 0.000000 -0.001440 -0.001745 0.000000 1.000000 
807 2.876687 1.602536 0.000000 -0.000556 0.000998 0.000000 1.000000 
808 1.856788 -3.758532 0.000000 0.000908 0.000448 0.000000 1.000000 
809 1.558457 -0.925792 0.000000 0.000786 0.001324 0.000000 1.000000 
810 -3.068851 1.997725 0.000000 -0.000591 -0.000908 0.000000 1.000000 
811 2.156628 -0.625597 0.000000 0.000385 0.001328 0.000000 1.000000 
812 -0.923207 -0.113670 0.000000 0.000263 -0.002133 0.000000 1.000000 
813 2.397762 -1.474966 0.000000 0.000647 0.001052 0.000000 1.000000 
814 3.046623 -0.550706 0.000000 0.000210 0.001159 0.000000 1.000000 
815 -3.938106 -1.164511 0.000000 0.000290 -0.000981 0.000000 1.000000 
816 3.371347 -0.647105 0.000000 0.000211 0.001099 0.000000 1.000000 
817 1.120296 0.276582 0.000000 -0.000462 0.001873 0.000000 1.000000 
818 -1.418937 -0.119945 0.000000 0.000146 -0.001731 0.000000 1.000000 
819 -4.040946 1.771929 0.000000 -0.000396 -0.000904 0.000000 1.000000 
820 -2.097141 0.357578 0.000000 -0.000239 -0.001401 0.000000 1.000000 
821 -2.178208 -0.051824 0.000000 0.000033 -0.001404 0.000000 1.000000 
822 1.290003 0.184296 0.000000 -0.000257 0.001797 0.000000 1.000000 
823 1.521173 -1.736844 0.000000 0.001026 0.000899 0.000000 1.000000 
824 4.294973 -0.590159 0.000000 0.000136 0.000986 0.000000 1.000000 
825 -3.493436 -2.565112 0.000000 0.000589 -0.000803 0.000000 1.000000 
826 -2.650469 -0.965972 0.000000 0.000423 -0.001159 0.000000 1.000000 
827 -0.847793 -3.766819 0.000000 0.001029 -0.000232 0.000000 1.000000 
828 0.941709 -1.066872 0.000000 0.001303 0.001150 0.000000 1.000000 
829 3.903324 -2.107638 0.000000 0.000468 0.000866 0.000000 1.000000 
830 -1.813818 3.219538 0.000000 -0.000939 -0.000529 0.000000 1.000000 
831 2.455934 1.140789 0.000000 -0.000531 0.001142 0.000000 1.000000 
832 3.403324 -1.157971 0.000000 0.000352 0.001035 0.000000 1.000000 
833 -3.801036 -1.242304 0.000000 0.000322 -0.000985 0.000000 1.000000 
834 -3.950475 -1.972591 0.000000 0.000441 -0.000882 0.000000 1.000000 
835 -0.846432 -2.465150 0.000000 0.001214 -0.000417 0.000000 1.000000 
836 0.369570 3.295993 0.000000 -0.001131 0.000127 0.000000 1.000000 
837 -3.290807 2.262681 0.000000 -0.000588 -0.000855 0.000000 1.000000 
838 0.046343 -1.827811 0.000000 0.001532 0.000039 0.000000 1.000000 
839 1.794768 0.364397 0.000000 -0.000305 0.001501 0.000000 1.000000 
840 1.171666 0.770502 0.000000 -0.000962 0.001462 0.000000 1.000000 
841 -3.654213 1.980460 0.000000 -0.000484 -0.000894 0.000000 1.000000 
842 3.376672 -1.718781 0.000000 0.000483 0.000949 0.000000 1.000000 
843 -0.946967 3.051420 0.000000 -0.001107 -0.000344 0.000000 1.000000 
844 -1.328342 -3.939451 0.000000 0.000963 -0.000325 0.000000 1.000000 
845 0.648097 0.858407 0.000000 -0.001595 0.001204 0.000000 1.000000 
846 -3.080910 3.148643 0.000000 -0.000706 -0.000691 0.000000 1.000000 
847 -0.216862 0.795704 0.000000 -0.002202 -0.000600 0.000000 1.000000 
848 -0.852187 -4.112316 0.000000 0.000990 -0.000205 0.000000 1.000000 
849 -2.140112 2.304209 0.000000 -0.000856 -0.000795 0.000000 1.000000 
850 3.889627 -2.130493 0.000000 0.000473 0.000863 0.000000 1.000000 
851 2.579321 -1.064408 0.000000 0.000473 0.001147 0.000000 1.000000 
852 -2.060471 -0.706446 0.000000 0.000455 -0.001328 0.000000 1.000000 
853 1.888911 -3.197274 0.000000 0.000926 0.000547 0.000000 1.000000 
854 1.693884 -4.024891 0.000000 0.000914 0.000385 0.000000 1.000000 
855 1.636700 2.015704 0.000000 -0.000999 0.000811 0.000000 1.000000 
856 -1.398680 -1.304372 0.000000 0.001022 -0.001096 0.000000 1.000000 
857 0.479877 -2.624812 0.000000 0.001248 0.000228 0.000000 1.000000 
858 -0.517904 1.662686 0.000000 -0.001500 -0.000467 0.000000 1.000000 
859 -1.699242 -3.696690 0.000000 0.000934 -0.000429 0.000000 1.000000 
860 -4.260892 0.668175 0.000000 -0.000155 -0.000986 0.000000 1.000000 
861 3.408148 -1.850511 0.000000 0.000502 0.000925 0.000000 1.000000 
862 -2.475745 -3.131405 0.000000 0.000814 -0.000643 0.000000 1.000000 
863 1.138170 -3.057118 0.000000 0.001075 0.000400 0.000000 1.000000 
864 2.668028 -1.507699 0.000000 0.000582 0.001031 0.000000 1.000000 
865 1.138169 -1.660839 0.000000 0.001205 0.000826 0.000000 1.000000 
866 -2.306174 -1.846581 0.000000 0.000754 -0.000941 0.000000 1.000000 
867 4.294451 -0.137951 0.000000 0.000032 0.000999 0.000000 1.000000 
868 -1.570212 -0.368841 0.000000 0.000373 -0.001589 0.000000 1.000000 
869 1.097413 2.386175 0.000000 -0.001162 0.000534 0.000000 1.000000 
870 1.919136 0.846840 0.000000 -0.000578 0.001309 0.000000 1.000000 
871 1.676713 -2.706639 0.000000 0.000987 0.000612 0.000000 1.000000 
872 -1.253009 -0.586300 0.000000 0.000747 -0.001596 0.000000 1.000000 
873 1.360152 -4.203821 0.000000 0.000938 0.000304 0.000000 1.000000 
874 1.638256 -3.944072 0.000000 0.000926 0.000385 0.000000 1.000000 
875 -1.188273 1.725234 0.000000 -0.001179 -0.000812 0.000000 1.000000 
876 -2.341817 3.156975 0.000000 -0.000840 -0.000623 0.000000 1.000000 
877 -0.812498 1.384133 0.000000 -0.001411 -0.000828 0.000000 1.000000 
878 -1.703031 3.070390 0.000000 -0.000967 -0.000537 0.000000 1.000000 
879 2.429645 0.667506 0.000000 -0.000346 0.001259 0.000000 1.000000 
880 3.459508 1.560359 0.000000 -0.000437 0.000970 0.000000 1.000000 
881 -0.727172 -1.486127 0.000000 0.001447 -0.000708 0.000000 1.000000 
882 -1.669718 -4.055834 0.000000 0.000915 -0.000377 0.000000 1.000000 
883 1.828364 1.738168 0.000000 -0.000899 0.000946 0.000000 1.000000 
884 4.091574 0.386801 0.000000 -0.000096 0.001018 0.000000 1.000000 
885 0.014583 -0.491142 0.000000 0.002956 0.000088 0.000000 1.000000 
886 -3.979364 -1.668455 0.000000 0.000386 -0.000920 0.000000 1.000000 
887 -3.389084 -1.400548 0.000000 0.000413 -0.001000 0.000000 1.000000 
888 3.202544 1.868827 0.000000 -0.000543 0.000930 0.000000 1.000000 
889 0.914682 -2.702530 0.000000 0.001162 0.000393 0.000000 1.000000 
890 1.442829 -3.173765 0.000000 0.001011 0.000459 0.000000 1.000000 
891 -3.710794 -2.005708 0.000000 0.000480 -0.000888 0.000000 1.000000 
892 -1.315768 -4.132805 0.000000 0.000948 -0.000302 0.000000 1.000000 
893 -3.610158 -1.751864 0.000000 0.000452 -0.000931 0.000000 1.000000 
894 3.998177 -1.158202 0.000000 0.000283 0.000976 0.000000 1.000000 
895 3.743295 -1.260375 0.000000 0.000333 0.000988 0.000000 1.000000 
896 3.650478 1.392923 0.000000 -0.000374 0.000980 0.000000 1.000000 
897 -1.953369 1.776524 0.000000 -0.000858 -0.000944 0.000000 1.000000 
898 -0.394338 2.887146 0.000000 -0.001203 -0.000164 0.000000 1.000000 
899 1.032686 -2.317042 0.000000 0.001189 0.000530 0.000000 1.000000 
900 1.269451 0.420184 0.000000 -0.000563 0.001702 0.000000 1.000000 
901 -1.620014 -3.901456 0.000000 0.000931 -0.000387 0.000000 1.000000 
902 -3.865854 0.000757 0.000000 -0.000000 -0.001054 0.000000 1.000000 
903 -1.293499 2.600103 0.000000 -0.001089 -0.000542 0.000000 1.000000 
904 4.136000 -0.546136 0.000000 0.000133 0.001006 0.000000 1.000000 
905 2.380243 -1.848940 0.000000 0.000732 0.000943 0.000000 1.000000 
906 -0.003889 0.045618 0.000000 -0.009652 -0.000823 0.000000 1.000000 
907 3.086892 -0.621513 0.000000 0.000231 0.001145 0.000000 1.000000 
908 -0.176020 -1.550887 0.000000 0.001648 -0.000187 0.000000 1.000000 
909 -2.108301 0.084872 0.000000 -0.000057 -0.001426 0.000000 1.000000 
910 -0.623744 -3.483025 0.000000 0.001085 -0.000194 0.000000 1.000000 
911 2.684758 -0.255182 0.000000 0.000119 0.001256 0.000000 1.000000 
912 2.707669 -2.648428 0.000000 0.000745 0.000761 0.000000 1.000000 
913 2.176760 2.961781 0.000000 -0.000871 0.000640 0.000000 1.000000 
914 -1.175584 1.230243 0.000000 -0.001149 -0.001098 0.000000 1.000000 
915 2.258297 1.849250 0.000000 -0.000769 0.000939 0.000000 1.000000 
916 0.383368 -1.351373 0.000000 0.001682 0.000477 0.000000 1.000000 
917 -0.910114 1.602458 0.000000 -0.001328 -0.000754 0.000000 1.000000 
918 2.609148 1.555781 0.000000 -0.000609 0.001021 0.000000 1.000000 
919 2.966119 0.802613 0.000000 -0.000309 0.001141 0.000000 1.000000 
920 0.284200 -3.048830 0.000000 0.001179 0.000110 0.000000 1.000000 
921 0.868116 3.248046 0.000000 -0.001092 0.000292 0.000000 1.000000 
922 1.761624 1.756651 0.000000 -0.000928 0.000931 0.000000 1.000000 
923 -3.279049 -2.073860 0.000000 0.000562 -0.000889 0.000000 1.000000 
924 -0.985737 -3.225861 0.000000 0.001079 -0.000330 0.000000 1.000000 
925 1.106537 -0.172933 0.000000 0.000302 0.001935 0.000000 1.000000 
926 2.949912 0.584278 0.000000 -0.000232 0.001172 0.000000 1.000000 
927 1.569809 -0.635877 0.000000 0.000598 0.001476 0.000000 1.000000 
928 3.938774 1.190914 0.000000 -0.000296 0.000978 0.000000 1.000000 
929 -2.760640 -1.241831 0.000000 0.000489 -0.001086 0.000000 1.000000 
930 4.197974 0.860941 0.000000 -0.000201 0.000981 0.000000 1.000000 
931 0.332344 -2.530939 0.000000 0.001286 0.000169 0.000000 1.000000 
932 1.547047 3.338521 0.000000 -0.000980 0.000454 0.000000 1.000000 
933 -1.492609 -2.550171 0.000000 0.001041 -0.000609 0.000000 1.000000 
934 1.812699 -3.724930 0.000000 0.000916 0.000446 0.000000 1.000000 
935 4.118988 -1.143877 0.000000 0.000268 0.000966 0.000000 1.000000 
936 -1.640188 -1.873451 0.000000 0.000988 -0.000865 0.000000 1.000000 
937 0.006028 2.714343 0.000000 -0.001258 0.000003 0.000000 1.000000 
938 -2.195992 2.575676 0.000000 -0.000857 -0.000731 0.000000 1.000000 
939 -2.006184 1.829468 0.000000 -0.000848 -0.000929 0.000000 1.000000 
940 0.302411 2.773342 0.000000 -0.001234 0.000135 0.000000 1.000000 
941 -2.474343 -0.010748 0.000000 0.000006 -0.001318 0.000000 1.000000 
942 -2.451404 -3.433013 0.000000 0.000821 -0.000586 0.000000 1.000000 
943 2.557788 0.817175 0.000000 -0.000385 0.001205 0.000000 1.000000 
944 -0.529232 1.971482 0.000000 -0.001401 -0.000376 0.000000 1.000000 
945 -0.256195 -3.233441 0.000000 0.001147 -0.000091 0.000000 1.000000 
946 0.057480 2.592830 0.000000 -0.001287 0.000029 0.000000 1.000000 
947 4.341877 -0.559736 0.000000 0.000127 0.000982 0.000000 1.000000 
948 2.663350 -0.276152 0.000000 0.000131 0.001260 0.000000 1.000000 
949 0.162053 0.449617 0.000000 -0.002821 0.001017 0.000000 1.000000 
950 -1.089200 -2.969229 0.000000 0.001094 -0.000401 0.000000 1.000000 
951 -2.954285 -2.114947 0.000000 0.000633 -0.000884 0.000000 1.000000 
952 0.919650 -0.407711 0.000000 0.000838 0.001889 0.000000 1.000000 
953 2.932557 -2.456870 0.000000 0.000681 0.000812 0.000000 1.000000 
954 2.888863 -1.643298 0.000000 0.000562 0.000988 0.000000 1.000000 
955 0.800944 3.952465 0.000000 -0.001012 0.000205 0.000000 1.000000 
956 0.467104 1.932274 0.000000 -0.001429 0.000345 0.000000 1.000000 
957 -2.952207 -0.140809 0.000000 0.000057 -0.001204 0.000000 1.000000 
958 1.692982 0.554151 0.000000 -0.000483 0.001476 0.000000 1.000000 
959 2.754237 -0.827851 0.000000 0.000352 0.001170 0.000000 1.000000 
960 2.122929 -1.105411 0.000000 0.000619 0.001188 0.000000 1.000000 
961 -0.233784 4.360618 0.000000 -0.000990 -0.000053 0.000000 1.000000 
962 2.409731 3.513339 0.000000 -0.000828 0.000568 0.000000 1.000000 
963 3.110260 -1.675093 0.000000 0.000523 0.000971 0.000000 1.000000 
964 -0.527826 -1.817607 0.000000 0.001447 -0.000420 0.000000 1.000000 
965 2.449108 -2.661033 0.000000 0.000802 0.000738 0.000000 1.000000 
966 0.492970 -4.310210 0.000000 0.000989 0.000113 0.000000 1.000000 
967 1.704598 -3.034011 0.000000 0.000969 0.000544 0.000000 1.000000 
968 -1.899241 -1.122601 0.000000 0.000710 -0.001201 0.000000 1.000000 
969 -4.052258 0.630381 0.000000 -0.000157 -0.001011 0.000000 1.000000 
970 0.161764 3.722496 0.000000 -0.001073 0.000047 0.000000 1.000000 
971 1.514611 2.460449 0.000000 -0.001038 0.000639 0.000000 1.000000 
972 1.317389 -3.305914 0.000000 0.001021 0.000407 0.000000 1.000000 
973 2.403684 -0.172907 0.000000 0.000096 0.001332 0.000000 1.000000 
974 -2.452592 2.075707 0.000000 -0.000747 -0.000883 0.000000 1.000000 
975 3.803565 -1.297277 0.000000 0.000334 0.000979 0.000000 1.000000 
976 -1.444914 0.449638 0.000000 -0.000501 -0.001609 0.000000 1.000000 
977 -1.077476 -0.733366 0.000000 0.001022 -0.001501 0.000000 1.000000 
978 3.045539 0.558572 0.000000 -0.000212 0.001159 0.000000 1.000000 
979 1.845105 -3.226495 0.000000 0.000933 0.000534 0.000000 1.000000 
980 1.493225 -3.000981 0.000000 0.001014 0.000504 0.000000 1.000000 
981 -1.855914 0.105610 0.000000 -0.000086 -0.001518 0.000000 1.000000 
982 -1.211204 -3.972640 0.000000 0.000973 -0.000297 0.000000 1.000000 
983 -4.291140 1.180740 0.000000 -0.000261 -0.000947 0.000000 1.000000 
984 1.679473 0.087927 0.000000 -0.000084 0.001596 0.000000 1.000000 
985 -3.494670 -1.926749 0.000000 0.000501 -0.000909 0.000000 1.000000 
986 2.402636 -2.646338 0.000000 0.000812 0.000737 0.000000 1.000000 
987 -2.191647 1.144097 0.000000 -0.000610 -0.001169 0.000000 1.000000 
988 1.917894 1.045266 0.000000 -0.000671 0.001231 0.000000 1.000000 
989 0.549018 -0.806130 0.000000 0.001735 0.001181 0.000000 1.000000 
990 -1.937378 -3.485795 0.000000 0.000907 -0.000504 0.000000 1.000000 
991 3.078002 1.307005 0.000000 -0.000443 0.001043 0.000000 1.000000 
992 2.411800 -1.384940 0.000000 0.000619 0.001078 0.000000 1.000000 
993 -1.138526 2.302088 0.000000 -0.001159 -0.000573 0.000000 1.000000 
994 -2.906570 -0.881029 0.000000 0.000345 -0.001138 0.000000 1.000000 
995 2.741669 -0.249613 0.000000 0.000113 0.001244 0.000000 1.000000 
996 3.002454 -2.699784 0.000000 0.000690 0.000767 0.000000 1.000000 
997 1.830065 2.284140 0.000000 -0.000945 0.000758 0.000000 1.000000 
998 -1.744086 -3.117035 0.000000 0.000957 -0.000536 0.000000 1.000000 
999 2.382845 -1.940268 0.000000 0.000747 0.000917 0.000000 1.000000 
1000 3.848200 -0.090135 0.000000 0.000025 0.001056 0.000000 1.000000 
