-1 150.000000 200.000000 0.000000 -0.000000 0.000000 0.000000 1.000000 
1 151.918808 199.448837 0.000000 0.000405 0.001410 0.000000 1.000000 
2 148.877579 199.406219 0.000000 0.000860 -0.001626 0.000000 1.000000 
3 150.047455 197.528290 0.000000 0.001318 0.000025 0.000000 1.000000 
4 149.346451 198.860428 0.000000 0.001569 -0.000900 0.000000 1.000000 
5 150.825943 200.169434 0.000000 -0.000454 0.002211 0.000000 1.000000 
6 148.097321 201.294510 0.000000 -0.000769 -0.001130 0.000000 1.000000 
7 150.025650 195.679626 0.000000 0.000997 0.000006 0.000000 1.000000 
8 148.151810 200.698318 0.000000 -0.000521 -0.001379 0.000000 1.000000 
9 148.376022 203.806046 0.000000 -0.000937 -0.000400 0.000000 1.000000 
10 146.678864 202.263596 0.000000 -0.000582 -0.000854 0.000000 1.000000 
11 147.851212 200.983185 0.000000 -0.000561 -0.001226 0.000000 1.000000 
12 148.511871 199.045563 0.000000 0.000842 -0.001312 0.000000 1.000000 
13 149.403107 195.699814 0.000000 0.000985 -0.000137 0.000000 1.000000 
14 152.583603 201.194000 0.000000 -0.000515 0.001115 0.000000 1.000000 
15 154.252823 198.807526 0.000000 0.000266 0.000950 0.000000 1.000000 
16 148.208298 196.855881 0.000000 0.000947 -0.000539 0.000000 1.000000 
17 146.150726 200.742737 0.000000 -0.000198 -0.001028 0.000000 1.000000 
18 147.543777 197.027328 0.000000 0.000814 -0.000672 0.000000 1.000000 
19 151.132507 198.917328 0.000000 0.001144 0.001197 0.000000 1.000000 
20 147.149139 200.549362 0.000000 -0.000230 -0.001194 0.000000 1.000000 
21 150.217270 201.809097 0.000000 -0.001525 0.000183 0.000000 1.000000 
22 150.242599 203.895844 0.000000 -0.001047 0.000065 0.000000 1.000000 
23 150.495468 202.321487 0.000000 -0.001316 0.000281 0.000000 1.000000 
24 149.851761 196.977051 0.000000 0.001190 -0.000058 0.000000 1.000000 
25 150.855667 195.987930 0.000000 0.001001 0.000213 0.000000 1.000000 
26 146.408829 202.131958 0.000000 -0.000518 -0.000872 0.000000 1.000000 
27 146.176865 198.305206 0.000000 0.000411 -0.000927 0.000000 1.000000 
28 152.382004 197.382706 0.000000 0.000815 0.000742 0.000000 1.000000 
29 151.925949 198.294968 0.000000 0.000857 0.000968 0.000000 1.000000 
30 154.150497 201.085541 0.000000 -0.000253 0.000968 0.000000 1.000000 
31 152.134872 199.859848 0.000000 0.000093 0.001414 0.000000 1.000000 
32 149.032669 199.442184 0.000000 0.000980 -0.001699 0.000000 1.000000 
33 150.781799 203.062851 0.000000 -0.001130 0.000288 0.000000 1.000000 
34 149.993103 202.526291 0.000000 -0.001304 -0.000004 0.000000 1.000000 
35 148.214493 197.037170 0.000000 0.000954 -0.000575 0.000000 1.000000 
36 147.329620 197.248474 0.000000 0.000760 -0.000737 0.000000 1.000000 
37 151.524002 200.281784 0.000000 -0.000303 0.001637 0.000000 1.000000 
38 149.791656 201.367294 0.000000 -0.001742 -0.000265 0.000000 1.000000 
39 148.722946 202.862946 0.000000 -0.001069 -0.000477 0.000000 1.000000 
40 152.569901 201.715805 0.000000 -0.000655 0.000981 0.000000 1.000000 
41 147.292191 196.757156 0.000000 0.000774 -0.000646 0.000000 1.000000 
42 152.337723 197.600067 0.000000 0.000811 0.000790 0.000000 1.000000 
43 149.423889 203.297424 0.000000 -0.001116 -0.000195 0.000000 1.000000 
44 151.503098 204.193573 0.000000 -0.000924 0.000331 0.000000 1.000000 
45 151.739349 202.696487 0.000000 -0.000972 0.000627 0.000000 1.000000 
46 147.603897 203.598999 0.000000 -0.000830 -0.000552 0.000000 1.000000 
47 148.642441 199.362549 0.000000 0.000719 -0.001532 0.000000 1.000000 
48 153.178085 201.742569 0.000000 -0.000523 0.000955 0.000000 1.000000 
49 150.718384 200.750153 0.000000 -0.001469 0.001407 0.000000 1.000000 
50 152.728043 198.239929 0.000000 0.000624 0.000967 0.000000 1.000000 
51 150.509369 199.350769 0.000000 0.001795 0.001408 0.000000 1.000000 
52 148.759247 202.664001 0.000000 -0.001096 -0.000510 0.000000 1.000000 
53 145.759674 199.388535 0.000000 0.000143 -0.000991 0.000000 1.000000 
54 149.674622 199.291763 0.000000 0.002133 -0.000980 0.000000 1.000000 
55 151.247864 203.049454 0.000000 -0.001057 0.000432 0.000000 1.000000 
56 148.825104 196.125824 0.000000 0.000986 -0.000299 0.000000 1.000000 
57 150.709030 201.824753 0.000000 -0.001381 0.000537 0.000000 1.000000 
58 149.805420 200.941284 0.000000 -0.002070 -0.000428 0.000000 1.000000 
59 146.249863 200.679047 0.000000 -0.000189 -0.001045 0.000000 1.000000 
60 153.486877 200.123840 0.000000 -0.000039 0.001109 0.000000 1.000000 
61 145.819443 201.336456 0.000000 -0.000301 -0.000942 0.000000 1.000000 
62 148.529602 198.423599 0.000000 0.001032 -0.000963 0.000000 1.000000 
63 149.959824 202.282761 0.000000 -0.001372 -0.000024 0.000000 1.000000 
64 148.645752 200.250778 0.000000 -0.000322 -0.001737 0.000000 1.000000 
65 146.876450 199.082306 0.000000 0.000324 -0.001102 0.000000 1.000000 
66 148.073761 201.838715 0.000000 -0.000877 -0.000919 0.000000 1.000000 
67 151.038559 199.737030 0.000000 0.000492 0.001941 0.000000 1.000000 
68 152.098984 197.357056 0.000000 0.000883 0.000702 0.000000 1.000000 
69 151.052628 199.594162 0.000000 0.000702 0.001821 0.000000 1.000000 
70 151.279770 199.733566 0.000000 0.000369 0.001775 0.000000 1.000000 
71 154.088303 199.879135 0.000000 0.000030 0.001024 0.000000 1.000000 
72 151.643234 200.197144 0.000000 -0.000192 0.001600 0.000000 1.000000 
73 152.767166 199.798126 0.000000 0.000091 0.001241 0.000000 1.000000 
74 149.162140 203.394363 0.000000 -0.001076 -0.000266 0.000000 1.000000 
75 152.562469 203.034195 0.000000 -0.000795 0.000671 0.000000 1.000000 
76 151.168594 202.302643 0.000000 -0.001150 0.000584 0.000000 1.000000 
77 148.684738 204.259613 0.000000 -0.000938 -0.000290 0.000000 1.000000 
78 145.589066 199.691986 0.000000 0.000069 -0.000983 0.000000 1.000000 
79 147.170898 198.235794 0.000000 0.000601 -0.000963 0.000000 1.000000 
80 151.238220 203.239487 0.000000 -0.001040 0.000397 0.000000 1.000000 
81 149.120865 202.670105 0.000000 -0.001174 -0.000387 0.000000 1.000000 
82 148.970245 196.587433 0.000000 0.001051 -0.000317 0.000000 1.000000 
83 146.493027 198.474197 0.000000 0.000423 -0.000972 0.000000 1.000000 
84 147.266815 200.742889 0.000000 -0.000323 -0.001188 0.000000 1.000000 
85 150.618317 199.072861 0.000000 0.001633 0.001089 0.000000 1.000000 
86 145.931854 199.790497 0.000000 0.000053 -0.001026 0.000000 1.000000 
87 151.836060 196.013336 0.000000 0.000899 0.000414 0.000000 1.000000 
88 151.670013 203.131805 0.000000 -0.000971 0.000518 0.000000 1.000000 
89 149.254608 201.071243 0.000000 -0.001489 -0.001036 0.000000 1.000000 
90 149.603165 202.497421 0.000000 -0.001287 -0.000205 0.000000 1.000000 
91 147.197678 198.351089 0.000000 0.000583 -0.000991 0.000000 1.000000 
92 150.596466 200.959351 0.000000 -0.001656 0.001030 0.000000 1.000000 
93 153.662048 200.212418 0.000000 -0.000063 0.001080 0.000000 1.000000 
94 149.711533 197.152557 0.000000 0.001219 -0.000123 0.000000 1.000000 
95 145.691574 200.496735 0.000000 -0.000114 -0.000989 0.000000 1.000000 
96 148.029373 196.704712 0.000000 0.000908 -0.000543 0.000000 1.000000 
97 150.343292 198.096466 0.000000 0.001467 0.000265 0.000000 1.000000 
98 147.077866 199.860519 0.000000 0.000058 -0.001210 0.000000 1.000000 
99 146.964417 197.610291 0.000000 0.000652 -0.000829 0.000000 1.000000 
100 152.222427 197.624008 0.000000 0.000839 0.000785 0.000000 1.000000 
101 148.955048 202.329285 0.000000 -0.001184 -0.000531 0.000000 1.000000 
102 146.532974 199.930588 0.000000 0.000022 -0.001113 0.000000 1.000000 
103 148.521805 198.787674 0.000000 0.000951 -0.001159 0.000000 1.000000 
104 147.060226 202.498978 0.000000 -0.000683 -0.000804 0.000000 1.000000 
105 152.813278 200.017670 0.000000 -0.000008 0.001236 0.000000 1.000000 
106 146.175613 200.078766 0.000000 -0.000022 -0.001060 0.000000 1.000000 
107 152.435577 196.947311 0.000000 0.000820 0.000654 0.000000 1.000000 
108 150.138596 201.642990 0.000000 -0.001608 0.000136 0.000000 1.000000 
109 152.509445 200.939270 0.000000 -0.000444 0.001186 0.000000 1.000000 
110 152.023392 200.400711 0.000000 -0.000280 0.001416 0.000000 1.000000 
111 151.271011 198.549759 0.000000 0.001122 0.000984 0.000000 1.000000 
112 147.342758 202.453186 0.000000 -0.000739 -0.000801 0.000000 1.000000 
113 148.771179 202.858475 0.000000 -0.001080 -0.000464 0.000000 1.000000 
114 153.215210 201.893539 0.000000 -0.000545 0.000925 0.000000 1.000000 
115 151.756622 200.887558 0.000000 -0.000666 0.001319 0.000000 1.000000 
116 149.000351 201.579453 0.000000 -0.001281 -0.000811 0.000000 1.000000 
117 148.186691 195.961395 0.000000 0.000899 -0.000403 0.000000 1.000000 
118 150.895798 198.495926 0.000000 0.001346 0.000802 0.000000 1.000000 
119 149.628387 198.577530 0.000000 0.001654 -0.000432 0.000000 1.000000 
120 152.428314 197.489594 0.000000 0.000797 0.000771 0.000000 1.000000 
121 146.657669 202.809784 0.000000 -0.000638 -0.000759 0.000000 1.000000 
122 150.050049 201.846405 0.000000 -0.001525 0.000041 0.000000 1.000000 
123 152.596527 196.814377 0.000000 0.000793 0.000646 0.000000 1.000000 
124 149.443649 201.193420 0.000000 -0.001637 -0.000763 0.000000 1.000000 
125 150.561798 202.741455 0.000000 -0.001214 0.000249 0.000000 1.000000 
126 150.806656 200.776596 0.000000 -0.001358 0.001411 0.000000 1.000000 
127 150.565536 201.431885 0.000000 -0.001554 0.000614 0.000000 1.000000 
128 149.482056 197.449097 0.000000 0.001259 -0.000256 0.000000 1.000000 
129 146.432709 200.420670 0.000000 -0.000128 -0.001086 0.000000 1.000000 
130 150.463806 196.053818 0.000000 0.001033 0.000121 0.000000 1.000000 
131 148.536179 197.490189 0.000000 0.001050 -0.000613 0.000000 1.000000 
132 149.017838 200.440201 0.000000 -0.000817 -0.001823 0.000000 1.000000 
133 150.320526 201.042587 0.000000 -0.001897 0.000583 0.000000 1.000000 
134 147.883286 203.165726 0.000000 -0.000883 -0.000590 0.000000 1.000000 
135 148.701691 200.521530 0.000000 -0.000653 -0.001626 0.000000 1.000000 
136 148.166946 196.692871 0.000000 0.000932 -0.000517 0.000000 1.000000 
137 154.115540 201.692993 0.000000 -0.000374 0.000909 0.000000 1.000000 
138 149.126099 199.691238 0.000000 0.000717 -0.002030 0.000000 1.000000 
139 148.227859 197.379150 0.000000 0.000965 -0.000653 0.000000 1.000000 
140 151.950653 198.663422 0.000000 0.000762 0.001112 0.000000 1.000000 
141 152.861847 199.473221 0.000000 0.000220 0.001195 0.000000 1.000000 
142 147.048157 202.871857 0.000000 -0.000712 -0.000732 0.000000 1.000000 
143 150.260880 203.997437 0.000000 -0.001033 0.000067 0.000000 1.000000 
144 152.556000 199.385513 0.000000 0.000299 0.001243 0.000000 1.000000 
145 150.015564 195.950623 0.000000 0.001030 0.000004 0.000000 1.000000 
146 151.779373 201.146500 0.000000 -0.000772 0.001198 0.000000 1.000000 
147 152.120010 197.762573 0.000000 0.000857 0.000812 0.000000 1.000000 
148 150.915848 202.652252 0.000000 -0.001170 0.000404 0.000000 1.000000 
149 149.124725 203.360123 0.000000 -0.001076 -0.000280 0.000000 1.000000 
150 150.894211 200.022507 0.000000 -0.000055 0.002191 0.000000 1.000000 
151 149.963287 204.135910 0.000000 -0.001019 -0.000009 0.000000 1.000000 
152 152.525848 199.870422 0.000000 0.000067 0.001302 0.000000 1.000000 
153 149.425476 195.757477 0.000000 0.000993 -0.000134 0.000000 1.000000 
154 153.412582 198.422089 0.000000 0.000449 0.000970 0.000000 1.000000 
155 146.896988 200.517075 0.000000 -0.000192 -0.001153 0.000000 1.000000 
156 146.409729 197.768051 0.000000 0.000532 -0.000856 0.000000 1.000000 
157 147.499191 196.577606 0.000000 0.000813 -0.000594 0.000000 1.000000 
158 149.273254 199.087021 0.000000 0.001501 -0.001195 0.000000 1.000000 
159 149.958572 198.104584 0.000000 0.001505 -0.000033 0.000000 1.000000 
160 152.907578 201.363770 0.000000 -0.000491 0.001047 0.000000 1.000000 
161 153.709656 200.889084 0.000000 -0.000247 0.001032 0.000000 1.000000 
162 150.372437 202.275314 0.000000 -0.001347 0.000221 0.000000 1.000000 
163 153.493652 200.102081 0.000000 -0.000032 0.001108 0.000000 1.000000 
164 151.405777 202.829529 0.000000 -0.001044 0.000519 0.000000 1.000000 
165 149.785828 198.350067 0.000000 0.001594 -0.000207 0.000000 1.000000 
166 146.218430 199.497604 0.000000 0.000140 -0.001052 0.000000 1.000000 
167 153.647415 198.823975 0.000000 0.000325 0.001008 0.000000 1.000000 
168 148.533188 199.775162 0.000000 0.000258 -0.001682 0.000000 1.000000 
169 146.230118 202.052399 0.000000 -0.000478 -0.000879 0.000000 1.000000 
170 148.156921 197.892105 0.000000 0.000932 -0.000815 0.000000 1.000000 
171 152.757095 197.769897 0.000000 0.000692 0.000856 0.000000 1.000000 
172 148.688309 196.286865 0.000000 0.000985 -0.000348 0.000000 1.000000 
173 151.047745 198.460846 0.000000 0.001256 0.000855 0.000000 1.000000 
174 149.351913 195.792572 0.000000 0.000993 -0.000153 0.000000 1.000000 
175 148.091949 203.116730 0.000000 -0.000925 -0.000566 0.000000 1.000000 
176 148.770157 198.509109 0.000000 0.001150 -0.000949 0.000000 1.000000 
177 147.280762 197.406662 0.000000 0.000738 -0.000774 0.000000 1.000000 
178 151.057632 203.889954 0.000000 -0.000996 0.000271 0.000000 1.000000 
179 148.830170 197.407120 0.000000 0.001120 -0.000505 0.000000 1.000000 
180 150.465637 196.823700 0.000000 0.001145 0.000168 0.000000 1.000000 
181 149.112900 200.738846 0.000000 -0.001235 -0.001482 0.000000 1.000000 
182 151.783325 196.793335 0.000000 0.000946 0.000526 0.000000 1.000000 
183 147.773178 200.297974 0.000000 -0.000183 -0.001371 0.000000 1.000000 
184 151.075989 203.248962 0.000000 -0.001064 0.000352 0.000000 1.000000 
185 149.621948 201.316177 0.000000 -0.001702 -0.000489 0.000000 1.000000 
186 153.645737 199.632767 0.000000 0.000109 0.001077 0.000000 1.000000 
187 149.354645 196.683365 0.000000 0.001107 -0.000215 0.000000 1.000000 
188 146.380920 199.996704 0.000000 0.000001 -0.001090 0.000000 1.000000 
189 146.384598 198.379807 0.000000 0.000426 -0.000950 0.000000 1.000000 
190 153.015213 200.694565 0.000000 -0.000265 0.001148 0.000000 1.000000 
191 149.497101 202.000748 0.000000 -0.001400 -0.000352 0.000000 1.000000 
192 147.943344 198.114090 0.000000 0.000839 -0.000915 0.000000 1.000000 
193 153.071732 198.926132 0.000000 0.000379 0.001085 0.000000 1.000000 
194 148.785660 200.293457 0.000000 -0.000436 -0.001802 0.000000 1.000000 
195 150.478470 204.291580 0.000000 -0.000991 0.000111 0.000000 1.000000 
196 146.307556 201.093872 0.000000 -0.000300 -0.001013 0.000000 1.000000 
197 152.820114 199.122223 0.000000 0.000358 0.001152 0.000000 1.000000 
198 153.967102 200.308395 0.000000 -0.000081 0.001036 0.000000 1.000000 
199 150.324753 197.527725 0.000000 0.001301 0.000171 0.000000 1.000000 
200 153.499222 198.753525 0.000000 0.000361 0.001013 0.000000 1.000000 
201 146.858353 198.812302 0.000000 0.000400 -0.001058 0.000000 1.000000 
202 151.565796 204.145233 0.000000 -0.000921 0.000348 0.000000 1.000000 
203 150.561523 200.269577 0.000000 -0.001137 0.002368 0.000000 1.000000 
204 147.963287 199.426163 0.000000 0.000386 -0.001371 0.000000 1.000000 
205 148.495911 197.779037 0.000000 0.001048 -0.000710 0.000000 1.000000 
206 153.069077 197.593506 0.000000 0.000648 0.000826 0.000000 1.000000 
207 148.035049 198.526840 0.000000 0.000793 -0.001058 0.000000 1.000000 
208 150.719864 203.182068 0.000000 -0.001119 0.000253 0.000000 1.000000 
209 151.015396 197.015594 0.000000 0.001105 0.000376 0.000000 1.000000 
210 152.905380 201.758316 0.000000 -0.000582 0.000962 0.000000 1.000000 
211 146.888901 198.971283 0.000000 0.000359 -0.001087 0.000000 1.000000 
212 149.531769 201.205078 0.000000 -0.001699 -0.000660 0.000000 1.000000 
213 152.289124 202.655869 0.000000 -0.000838 0.000723 0.000000 1.000000 
214 152.937408 202.437881 0.000000 -0.000678 0.000816 0.000000 1.000000 
215 151.687927 203.097702 0.000000 -0.000969 0.000528 0.000000 1.000000 
216 151.587158 198.995636 0.000000 0.000809 0.001278 0.000000 1.000000 
217 151.782211 200.278229 0.000000 -0.000238 0.001525 0.000000 1.000000 
218 149.869736 203.731583 0.000000 -0.001072 -0.000037 0.000000 1.000000 
219 152.550781 202.727036 0.000000 -0.000783 0.000733 0.000000 1.000000 
220 146.807419 198.829178 0.000000 0.000387 -0.001055 0.000000 1.000000 
221 153.462601 198.801590 0.000000 0.000354 0.001023 0.000000 1.000000 
222 153.699631 199.867889 0.000000 0.000038 0.001077 0.000000 1.000000 
223 152.272049 198.150436 0.000000 0.000764 0.000939 0.000000 1.000000 
224 148.834518 199.600372 0.000000 0.000606 -0.001766 0.000000 1.000000 
225 148.243851 201.642395 0.000000 -0.000913 -0.000976 0.000000 1.000000 
226 146.025131 201.539078 0.000000 -0.000362 -0.000936 0.000000 1.000000 
227 152.986755 197.856094 0.000000 0.000630 0.000878 0.000000 1.000000 
228 148.552155 200.442245 0.000000 -0.000492 -0.001611 0.000000 1.000000 
229 152.431976 198.918304 0.000000 0.000516 0.001161 0.000000 1.000000 
230 147.023834 203.295334 0.000000 -0.000730 -0.000659 0.000000 1.000000 
231 153.583435 197.990051 0.000000 0.000500 0.000892 0.000000 1.000000 
232 148.798172 198.315933 0.000000 0.001173 -0.000837 0.000000 1.000000 
233 150.470612 198.661057 0.000000 0.001641 0.000577 0.000000 1.000000 
234 148.585175 201.738281 0.000000 -0.001074 -0.000874 0.000000 1.000000 
235 152.928299 202.231552 0.000000 -0.000655 0.000859 0.000000 1.000000 
236 146.831284 200.646027 0.000000 -0.000230 -0.001129 0.000000 1.000000 
237 149.155640 197.537598 0.000000 0.001215 -0.000417 0.000000 1.000000 
238 145.781723 199.197495 0.000000 0.000187 -0.000983 0.000000 1.000000 
239 147.266144 198.264160 0.000000 0.000617 -0.000972 0.000000 1.000000 
240 146.359970 199.199432 0.000000 0.000231 -0.001049 0.000000 1.000000 
241 149.681671 198.655472 0.000000 0.001716 -0.000406 0.000000 1.000000 
242 145.909286 199.584839 0.000000 0.000103 -0.001017 0.000000 1.000000 
243 151.558380 202.147232 0.000000 -0.001030 0.000747 0.000000 1.000000 
244 150.393341 197.799896 0.000000 0.001365 0.000244 0.000000 1.000000 
245 148.003586 203.322113 0.000000 -0.000902 -0.000542 0.000000 1.000000 
246 147.076828 203.305817 0.000000 -0.000739 -0.000654 0.000000 1.000000 
247 151.238678 204.107437 0.000000 -0.000958 0.000289 0.000000 1.000000 
248 151.301682 196.406235 0.000000 0.000997 0.000361 0.000000 1.000000 
249 148.585724 198.829178 0.000000 0.000975 -0.001178 0.000000 1.000000 
250 148.123199 203.565460 0.000000 -0.000914 -0.000481 0.000000 1.000000 
251 152.241379 197.578873 0.000000 0.000837 0.000775 0.000000 1.000000 
252 152.167648 200.352570 0.000000 -0.000225 0.001380 0.000000 1.000000 
253 150.102890 196.333801 0.000000 0.001082 0.000030 0.000000 1.000000 
254 145.968460 200.541031 0.000000 -0.000137 -0.001019 0.000000 1.000000 
255 154.031326 199.379333 0.000000 0.000156 0.001014 0.000000 1.000000 
256 147.340637 201.200928 0.000000 -0.000499 -0.001106 0.000000 1.000000 
257 153.187469 199.774139 0.000000 0.000082 0.001157 0.000000 1.000000 
258 148.198624 198.943802 0.000000 0.000725 -0.001237 0.000000 1.000000 
259 153.364899 198.915619 0.000000 0.000338 0.001049 0.000000 1.000000 
260 146.917984 198.913589 0.000000 0.000381 -0.001081 0.000000 1.000000 
261 153.002655 201.728912 0.000000 -0.000556 0.000965 0.000000 1.000000 
262 147.274918 198.469803 0.000000 0.000574 -0.001022 0.000000 1.000000 
263 149.700760 201.581558 0.000000 -0.001605 -0.000304 0.000000 1.000000 
264 149.321548 195.593521 0.000000 0.000970 -0.000149 0.000000 1.000000 
265 151.117218 204.224533 0.000000 -0.000959 0.000254 0.000000 1.000000 
266 149.747208 199.794403 0.000000 0.002291 -0.002817 0.000000 1.000000 
267 151.605148 196.123718 0.000000 0.000935 0.000387 0.000000 1.000000 
268 145.936020 200.002121 0.000000 -0.000001 -0.001028 0.000000 1.000000 
269 151.798904 199.853088 0.000000 0.000126 0.001538 0.000000 1.000000 
270 148.838623 199.635757 0.000000 0.000562 -0.001793 0.000000 1.000000 
271 146.127045 199.828552 0.000000 0.000047 -0.001052 0.000000 1.000000 
272 149.258667 197.627213 0.000000 0.001255 -0.000392 0.000000 1.000000 
273 150.057220 203.740982 0.000000 -0.001071 0.000016 0.000000 1.000000 
274 149.087555 198.886200 0.000000 0.001336 -0.001095 0.000000 1.000000 
275 147.608734 202.897598 0.000000 -0.000825 -0.000681 0.000000 1.000000 
276 147.709091 202.368118 0.000000 -0.000821 -0.000794 0.000000 1.000000 
277 152.896729 197.880386 0.000000 0.000646 0.000883 0.000000 1.000000 
278 150.878052 198.756973 0.000000 0.001372 0.000969 0.000000 1.000000 
279 151.479279 202.149521 0.000000 -0.001057 0.000727 0.000000 1.000000 
280 146.431229 197.567184 0.000000 0.000562 -0.000824 0.000000 1.000000 
281 146.591736 200.257858 0.000000 -0.000085 -0.001118 0.000000 1.000000 
282 149.478195 201.892044 0.000000 -0.001426 -0.000393 0.000000 1.000000 
283 147.818451 202.658386 0.000000 -0.000864 -0.000709 0.000000 1.000000 
284 151.868500 199.941269 0.000000 0.000048 0.001515 0.000000 1.000000 
285 148.522858 200.305252 0.000000 -0.000342 -0.001653 0.000000 1.000000 
286 149.408234 202.956360 0.000000 -0.001170 -0.000234 0.000000 1.000000 
287 151.627625 199.798004 0.000000 0.000199 0.001606 0.000000 1.000000 
288 149.504791 199.949844 0.000000 0.000296 -0.002923 0.000000 1.000000 
289 152.487595 199.276993 0.000000 0.000359 0.001237 0.000000 1.000000 
290 152.852676 202.853928 0.000000 -0.000730 0.000729 0.000000 1.000000 
291 148.652176 200.915176 0.000000 -0.000912 -0.001343 0.000000 1.000000 
292 153.970169 198.524139 0.000000 0.000351 0.000944 0.000000 1.000000 
293 149.917984 197.920898 0.000000 0.001436 -0.000057 0.000000 1.000000 
294 150.163712 201.088287 0.000000 -0.001954 0.000294 0.000000 1.000000 
295 147.749054 203.795792 0.000000 -0.000849 -0.000503 0.000000 1.000000 
296 146.281387 199.758957 0.000000 0.000069 -0.001071 0.000000 1.000000 
297 148.324295 197.410797 0.000000 0.000991 -0.000641 0.000000 1.000000 
298 147.954102 196.577438 0.000000 0.000891 -0.000533 0.000000 1.000000 
299 148.840775 196.855667 0.000000 0.001062 -0.000392 0.000000 1.000000 
300 152.357849 196.929718 0.000000 0.000835 0.000642 0.000000 1.000000 
301 153.599808 197.662125 0.000000 0.000545 0.000839 0.000000 1.000000 
302 151.166855 197.582687 0.000000 0.001139 0.000550 0.000000 1.000000 
303 153.277222 200.025330 0.000000 -0.000009 0.001145 0.000000 1.000000 
304 145.704208 199.297043 0.000000 0.000160 -0.000980 0.000000 1.000000 
305 153.842728 198.881210 0.000000 0.000290 0.000995 0.000000 1.000000 
306 148.251923 200.808014 0.000000 -0.000627 -0.001356 0.000000 1.000000 
307 152.794296 201.670349 0.000000 -0.000589 0.000986 0.000000 1.000000 
308 150.352585 204.204102 0.000000 -0.001006 0.000084 0.000000 1.000000 
309 146.319641 198.568695 0.000000 0.000378 -0.000972 0.000000 1.000000 
310 151.072678 195.892578 0.000000 0.000973 0.000254 0.000000 1.000000 
311 151.068253 201.515152 0.000000 -0.001244 0.000877 0.000000 1.000000 
312 154.214798 201.027771 0.000000 -0.000236 0.000967 0.000000 1.000000 
313 153.029251 201.791275 0.000000 -0.000562 0.000951 0.000000 1.000000 
314 150.479797 198.211273 0.000000 0.001471 0.000395 0.000000 1.000000 
315 150.786133 201.467941 0.000000 -0.001416 0.000758 0.000000 1.000000 
316 148.069702 196.807144 0.000000 0.000918 -0.000555 0.000000 1.000000 
317 151.876846 197.470688 0.000000 0.000938 0.000696 0.000000 1.000000 
318 151.570023 197.492386 0.000000 0.001021 0.000639 0.000000 1.000000 
319 149.377686 204.268341 0.000000 -0.000988 -0.000144 0.000000 1.000000 
320 148.545944 202.308136 0.000000 -0.001062 -0.000669 0.000000 1.000000 
321 149.421722 201.724777 0.000000 -0.001457 -0.000489 0.000000 1.000000 
322 148.888351 196.519226 0.000000 0.001033 -0.000330 0.000000 1.000000 
323 148.727768 202.706436 0.000000 -0.001085 -0.000510 0.000000 1.000000 
324 146.243118 200.674316 0.000000 -0.000187 -0.001044 0.000000 1.000000 
325 154.080414 200.714127 0.000000 -0.000176 0.001003 0.000000 1.000000 
326 151.697876 196.460846 0.000000 0.000943 0.000453 0.000000 1.000000 
327 152.364594 202.812515 0.000000 -0.000828 0.000696 0.000000 1.000000 
328 149.935211 197.224335 0.000000 0.001244 -0.000029 0.000000 1.000000 
329 150.170059 204.175751 0.000000 -0.001013 0.000041 0.000000 1.000000 
330 148.092590 197.298767 0.000000 0.000931 -0.000657 0.000000 1.000000 
331 153.888824 198.013351 0.000000 0.000451 0.000883 0.000000 1.000000 
332 147.558456 203.266617 0.000000 -0.000822 -0.000614 0.000000 1.000000 
333 151.942123 201.686844 0.000000 -0.000847 0.000976 0.000000 1.000000 
334 153.185211 202.869827 0.000000 -0.000670 0.000744 0.000000 1.000000 
335 150.811768 202.588745 0.000000 -0.001201 0.000377 0.000000 1.000000 
336 150.639694 204.386642 0.000000 -0.000974 0.000142 0.000000 1.000000 
337 147.124603 200.552200 0.000000 -0.000228 -0.001190 0.000000 1.000000 
338 146.896072 202.161880 0.000000 -0.000609 -0.000874 0.000000 1.000000 
339 148.068558 203.452393 0.000000 -0.000909 -0.000509 0.000000 1.000000 
340 145.955460 201.176376 0.000000 -0.000282 -0.000970 0.000000 1.000000 
341 151.985077 196.347321 0.000000 0.000893 0.000485 0.000000 1.000000 
342 152.541306 198.326828 0.000000 0.000653 0.000992 0.000000 1.000000 
343 154.230057 199.542419 0.000000 0.000108 0.000999 0.000000 1.000000 
344 150.307999 201.080353 0.000000 -0.001881 0.000536 0.000000 1.000000 
345 148.542633 203.671722 0.000000 -0.000969 -0.000385 0.000000 1.000000 
346 149.223816 203.031555 0.000000 -0.001135 -0.000291 0.000000 1.000000 
347 151.892792 202.798462 0.000000 -0.000934 0.000632 0.000000 1.000000 
348 153.469467 197.209305 0.000000 0.000616 0.000765 0.000000 1.000000 
349 153.754684 199.611877 0.000000 0.000110 0.001061 0.000000 1.000000 
350 149.537674 201.543396 0.000000 -0.001564 -0.000469 0.000000 1.000000 
351 149.395248 201.361069 0.000000 -0.001552 -0.000690 0.000000 1.000000 
352 146.990601 199.105362 0.000000 0.000333 -0.001121 0.000000 1.000000 
353 146.922928 201.096283 0.000000 -0.000385 -0.001080 0.000000 1.000000 
354 151.404190 204.198929 0.000000 -0.000934 0.000312 0.000000 1.000000 
355 152.367523 199.653992 0.000000 0.000194 0.001326 0.000000 1.000000 
356 150.115128 198.775589 0.000000 0.001861 0.000175 0.000000 1.000000 
357 152.087158 198.562744 0.000000 0.000738 0.001072 0.000000 1.000000 
358 145.730316 201.047592 0.000000 -0.000236 -0.000960 0.000000 1.000000 
359 146.263763 198.927139 0.000000 0.000290 -0.001010 0.000000 1.000000 
360 154.013794 199.120071 0.000000 0.000219 0.000999 0.000000 1.000000 
361 152.032822 198.018341 0.000000 0.000859 0.000881 0.000000 1.000000 
362 147.031387 199.794174 0.000000 0.000083 -0.001199 0.000000 1.000000 
363 147.801163 197.856277 0.000000 0.000826 -0.000847 0.000000 1.000000 
364 151.819046 201.223572 0.000000 -0.000781 0.001162 0.000000 1.000000 
365 148.432159 196.984879 0.000000 0.000998 -0.000519 0.000000 1.000000 
366 149.210617 203.576752 0.000000 -0.001058 -0.000233 0.000000 1.000000 
367 153.757690 200.201920 0.000000 -0.000057 0.001067 0.000000 1.000000 
368 147.095566 202.369888 0.000000 -0.000677 -0.000829 0.000000 1.000000 
369 151.254288 203.379883 0.000000 -0.001023 0.000380 0.000000 1.000000 
370 146.598679 197.886856 0.000000 0.000547 -0.000880 0.000000 1.000000 
371 146.424438 199.589111 0.000000 0.000125 -0.001085 0.000000 1.000000 
372 149.446808 202.466705 0.000000 -0.001272 -0.000285 0.000000 1.000000 
373 150.868774 204.336884 0.000000 -0.000966 0.000194 0.000000 1.000000 
374 152.652283 203.373016 0.000000 -0.000787 0.000618 0.000000 1.000000 
375 146.820587 201.292679 0.000000 -0.000421 -0.001036 0.000000 1.000000 
376 153.696457 200.020432 0.000000 -0.000006 0.001078 0.000000 1.000000 
377 148.902176 203.519897 0.000000 -0.001030 -0.000321 0.000000 1.000000 
378 146.959412 197.391006 0.000000 0.000674 -0.000786 0.000000 1.000000 
379 151.839371 196.259827 0.000000 0.000911 0.000448 0.000000 1.000000 
380 152.996277 200.035080 0.000000 -0.000014 0.001197 0.000000 1.000000 
381 146.839310 199.463928 0.000000 0.000194 -0.001141 0.000000 1.000000 
382 151.671906 196.428879 0.000000 0.000945 0.000443 0.000000 1.000000 
383 152.830673 201.641800 0.000000 -0.000575 0.000991 0.000000 1.000000 
384 153.248169 199.275711 0.000000 0.000247 0.001109 0.000000 1.000000 
385 152.128571 200.065430 0.000000 -0.000044 0.001420 0.000000 1.000000 
386 151.853424 197.430283 0.000000 0.000944 0.000681 0.000000 1.000000 
387 148.223740 203.179047 0.000000 -0.000948 -0.000530 0.000000 1.000000 
388 146.878296 198.172607 0.000000 0.000551 -0.000940 0.000000 1.000000 
389 147.529068 199.428375 0.000000 0.000293 -0.001268 0.000000 1.000000 
390 148.922241 197.024033 0.000000 0.001095 -0.000397 0.000000 1.000000 
391 148.262009 196.022552 0.000000 0.000912 -0.000398 0.000000 1.000000 
392 150.979263 201.082275 0.000000 -0.001272 0.001151 0.000000 1.000000 
393 152.069122 203.421722 0.000000 -0.000887 0.000536 0.000000 1.000000 
394 149.401947 199.190521 0.000000 0.001662 -0.001228 0.000000 1.000000 
395 147.479904 203.272400 0.000000 -0.000808 -0.000622 0.000000 1.000000 
396 147.161179 202.559494 0.000000 -0.000710 -0.000787 0.000000 1.000000 
397 147.184982 200.442902 0.000000 -0.000191 -0.001213 0.000000 1.000000 
398 149.146255 197.481995 0.000000 0.001204 -0.000408 0.000000 1.000000 
399 148.386673 198.204239 0.000000 0.000992 -0.000892 0.000000 1.000000 
400 151.698135 203.258026 0.000000 -0.000959 0.000500 0.000000 1.000000 
401 150.406372 202.476501 0.000000 -0.001291 0.000212 0.000000 1.000000 
402 150.098083 195.577744 0.000000 0.000985 0.000022 0.000000 1.000000 
403 154.139084 201.610580 0.000000 -0.000357 0.000917 0.000000 1.000000 
404 147.344147 196.595520 0.000000 0.000786 -0.000614 0.000000 1.000000 
405 148.407333 195.869568 0.000000 0.000919 -0.000354 0.000000 1.000000 
406 149.088028 198.068436 0.000000 0.001282 -0.000605 0.000000 1.000000 
407 152.610214 198.615677 0.000000 0.000565 0.001065 0.000000 1.000000 
408 152.621719 198.619095 0.000000 0.000561 0.001065 0.000000 1.000000 
409 148.866837 200.796890 0.000000 -0.001013 -0.001440 0.000000 1.000000 
410 149.587799 197.079071 0.000000 0.001195 -0.000169 0.000000 1.000000 
411 152.716110 199.717117 0.000000 0.000130 0.001248 0.000000 1.000000 
412 150.944427 198.009247 0.000000 0.001262 0.000598 0.000000 1.000000 
413 149.937393 202.119293 0.000000 -0.001423 -0.000042 0.000000 1.000000 
414 151.015381 201.612457 0.000000 -0.001271 0.000800 0.000000 1.000000 
415 149.242691 195.709122 0.000000 0.000978 -0.000173 0.000000 1.000000 
416 153.990616 198.463577 0.000000 0.000360 0.000935 0.000000 1.000000 
417 152.197067 197.112640 0.000000 0.000866 0.000659 0.000000 1.000000 
418 148.739105 199.379028 0.000000 0.000772 -0.001568 0.000000 1.000000 
419 148.833710 195.773529 0.000000 0.000954 -0.000263 0.000000 1.000000 
420 147.962555 200.849930 0.000000 -0.000537 -0.001287 0.000000 1.000000 
421 152.182663 197.612625 0.000000 0.000851 0.000778 0.000000 1.000000 
422 148.757599 198.407043 0.000000 0.001150 -0.000897 0.000000 1.000000 
423 149.058411 197.340515 0.000000 0.001163 -0.000412 0.000000 1.000000 
424 147.744675 199.468384 0.000000 0.000312 -0.001325 0.000000 1.000000 
425 145.636688 199.553116 0.000000 0.000101 -0.000985 0.000000 1.000000 
426 152.196915 196.959885 0.000000 0.000867 0.000627 0.000000 1.000000 
427 152.583435 197.945786 0.000000 0.000710 0.000893 0.000000 1.000000 
428 153.292877 197.507767 0.000000 0.000616 0.000813 0.000000 1.000000 
429 152.108307 197.810989 0.000000 0.000856 0.000825 0.000000 1.000000 
430 153.742584 198.526627 0.000000 0.000379 0.000962 0.000000 1.000000 
431 147.194550 202.338226 0.000000 -0.000694 -0.000833 0.000000 1.000000 
432 150.055023 197.314407 0.000000 0.001264 0.000026 0.000000 1.000000 
433 148.980988 199.753006 0.000000 0.000477 -0.001967 0.000000 1.000000 
434 151.925247 197.941467 0.000000 0.000902 0.000843 0.000000 1.000000 
435 150.373398 200.760513 0.000000 -0.002021 0.000992 0.000000 1.000000 
436 151.694916 197.523132 0.000000 0.000987 0.000676 0.000000 1.000000 
437 148.701920 201.214417 0.000000 -0.001062 -0.001135 0.000000 1.000000 
438 151.015594 202.102768 0.000000 -0.001221 0.000590 0.000000 1.000000 
439 148.851135 203.508896 0.000000 -0.001025 -0.000336 0.000000 1.000000 
440 153.100342 201.831055 0.000000 -0.000555 0.000941 0.000000 1.000000 
441 147.797623 200.893829 0.000000 -0.000506 -0.001246 0.000000 1.000000 
442 150.438400 197.256760 0.000000 0.001228 0.000196 0.000000 1.000000 
443 147.230896 197.127136 0.000000 0.000747 -0.000720 0.000000 1.000000 
444 151.801758 199.787704 0.000000 0.000180 0.001528 0.000000 1.000000 
445 151.733475 196.657318 0.000000 0.000948 0.000492 0.000000 1.000000 
446 146.576614 200.677780 0.000000 -0.000215 -0.001088 0.000000 1.000000 
447 148.280182 200.326721 0.000000 -0.000292 -0.001539 0.000000 1.000000 
448 152.283646 198.638184 0.000000 0.000651 0.001092 0.000000 1.000000 
449 147.194595 201.380737 0.000000 -0.000518 -0.001052 0.000000 1.000000 
450 146.962616 198.528275 0.000000 0.000492 -0.001015 0.000000 1.000000 
451 149.935638 197.722275 0.000000 0.001373 -0.000039 0.000000 1.000000 
452 147.620834 200.996826 0.000000 -0.000499 -0.001190 0.000000 1.000000 
453 146.084717 200.991104 0.000000 -0.000253 -0.001000 0.000000 1.000000 
454 147.325897 202.234634 0.000000 -0.000712 -0.000852 0.000000 1.000000 
455 149.362366 198.080399 0.000000 0.001383 -0.000459 0.000000 1.000000 
456 152.984665 198.635376 0.000000 0.000476 0.001041 0.000000 1.000000 
457 145.842361 199.308350 0.000000 0.000166 -0.000996 0.000000 1.000000 
458 148.537689 200.670471 0.000000 -0.000681 -0.001485 0.000000 1.000000 
459 150.340332 202.588135 0.000000 -0.001272 0.000167 0.000000 1.000000 
460 152.198898 201.839554 0.000000 -0.000785 0.000939 0.000000 1.000000 
461 146.371674 197.888336 0.000000 0.000509 -0.000874 0.000000 1.000000 
462 149.878265 196.780609 0.000000 0.001154 -0.000044 0.000000 1.000000 
463 149.455994 195.579147 0.000000 0.000975 -0.000120 0.000000 1.000000 
464 154.307312 201.017044 0.000000 -0.000226 0.000959 0.000000 1.000000 
465 147.158844 201.583176 0.000000 -0.000559 -0.001004 0.000000 1.000000 
466 151.157349 197.979706 0.000000 0.001179 0.000675 0.000000 1.000000 
467 152.664169 199.653763 0.000000 0.000163 0.001254 0.000000 1.000000 
468 146.390823 198.006027 0.000000 0.000494 -0.000893 0.000000 1.000000 
469 148.426392 199.517395 0.000000 0.000474 -0.001545 0.000000 1.000000 
470 149.494522 202.051315 0.000000 -0.001385 -0.000341 0.000000 1.000000 
471 153.702255 200.089127 0.000000 -0.000026 0.001077 0.000000 1.000000 
472 145.593430 200.540756 0.000000 -0.000120 -0.000976 0.000000 1.000000 
473 151.432648 202.915878 0.000000 -0.001032 0.000507 0.000000 1.000000 
474 147.952759 202.731796 0.000000 -0.000898 -0.000673 0.000000 1.000000 
475 152.890259 201.165451 0.000000 -0.000439 0.001089 0.000000 1.000000 
476 146.302078 200.689636 0.000000 -0.000196 -0.001051 0.000000 1.000000 
477 151.241150 196.811478 0.000000 0.001044 0.000406 0.000000 1.000000 
478 147.288193 203.421829 0.000000 -0.000777 -0.000616 0.000000 1.000000 
479 151.245499 197.374039 0.000000 0.001098 0.000521 0.000000 1.000000 
480 150.074280 203.343628 0.000000 -0.001133 0.000025 0.000000 1.000000 
481 149.422760 203.108383 0.000000 -0.001146 -0.000213 0.000000 1.000000 
482 151.661148 203.393463 0.000000 -0.000958 0.000469 0.000000 1.000000 
483 146.531403 197.523285 0.000000 0.000583 -0.000817 0.000000 1.000000 
484 149.534149 200.280945 0.000000 -0.001451 -0.002406 0.000000 1.000000 
485 146.403397 198.018372 0.000000 0.000494 -0.000896 0.000000 1.000000 
486 146.327026 197.799316 0.000000 0.000515 -0.000859 0.000000 1.000000 
487 151.343262 200.208099 0.000000 -0.000272 0.001757 0.000000 1.000000 
488 152.966034 198.590790 0.000000 0.000491 0.001033 0.000000 1.000000 
489 146.362350 198.009430 0.000000 0.000489 -0.000893 0.000000 1.000000 
490 148.532455 197.882294 0.000000 0.001061 -0.000735 0.000000 1.000000 
491 151.097336 197.951950 0.000000 0.001199 0.000642 0.000000 1.000000 
492 151.818359 199.671890 0.000000 0.000271 0.001501 0.000000 1.000000 
493 150.920731 198.659180 0.000000 0.001340 0.000920 0.000000 1.000000 
494 151.209167 202.524261 0.000000 -0.001117 0.000535 0.000000 1.000000 
495 148.806137 199.673859 0.000000 0.000491 -0.001797 0.000000 1.000000 
496 147.323395 197.702423 0.000000 0.000719 -0.000837 0.000000 1.000000 
497 152.706573 203.329514 0.000000 -0.000776 0.000631 0.000000 1.000000 
498 146.930725 201.373627 0.000000 -0.000462 -0.001032 0.000000 1.000000 
499 150.164536 198.985092 0.000000 0.002018 0.000327 0.000000 1.000000 
500 152.314636 203.495239 0.000000 -0.000844 0.000559 0.000000 1.000000 
501 150.193542 199.357605 0.000000 0.002423 0.000730 0.000000 1.000000 
502 148.730789 200.986023 0.000000 -0.001003 -0.001291 0.000000 1.000000 
503 148.210068 201.635544 0.000000 -0.000898 -0.000983 0.000000 1.000000 
504 147.139786 199.996201 0.000000 0.000002 -0.001226 0.000000 1.000000 
505 153.746170 202.293320 0.000000 -0.000516 0.000843 0.000000 1.000000 
506 152.675613 200.763443 0.000000 -0.000341 0.001195 0.000000 1.000000 
507 149.029160 204.217087 0.000000 -0.000971 -0.000224 0.000000 1.000000 
508 147.477798 201.271652 0.000000 -0.000555 -0.001101 0.000000 1.000000 
509 153.579987 198.967590 0.000000 0.000298 0.001032 0.000000 1.000000 
510 150.410782 201.656525 0.000000 -0.001540 0.000382 0.000000 1.000000 
511 151.723358 199.273819 0.000000 0.000589 0.001397 0.000000 1.000000 
512 148.640930 203.937866 0.000000 -0.000960 -0.000331 0.000000 1.000000 
513 152.850739 197.518631 0.000000 0.000700 0.000804 0.000000 1.000000 
514 153.381500 198.760620 0.000000 0.000376 0.001025 0.000000 1.000000 
515 148.090729 201.847641 0.000000 -0.000884 -0.000914 0.000000 1.000000 
516 149.749710 201.616302 0.000000 -0.001602 -0.000248 0.000000 1.000000 
517 146.133698 199.158249 0.000000 0.000222 -0.001018 0.000000 1.000000 
518 148.748337 201.783081 0.000000 -0.001149 -0.000807 0.000000 1.000000 
519 148.947174 197.289719 0.000000 0.001133 -0.000440 0.000000 1.000000 
520 147.368607 196.798904 0.000000 0.000787 -0.000647 0.000000 1.000000 
521 149.384644 195.860260 0.000000 0.001002 -0.000149 0.000000 1.000000 
522 147.360397 202.724121 0.000000 -0.000764 -0.000741 0.000000 1.000000 
523 152.444031 202.950195 0.000000 -0.000815 0.000676 0.000000 1.000000 
524 151.698135 196.331940 0.000000 0.000936 0.000433 0.000000 1.000000 
525 150.513519 198.637909 0.000000 0.001607 0.000606 0.000000 1.000000 
526 153.359070 202.159637 0.000000 -0.000561 0.000872 0.000000 1.000000 
527 148.481339 196.648361 0.000000 0.000984 -0.000446 0.000000 1.000000 
528 153.377060 199.031982 0.000000 0.000305 0.001063 0.000000 1.000000 
529 152.967392 197.785080 0.000000 0.000644 0.000863 0.000000 1.000000 
530 146.128418 198.042938 0.000000 0.000449 -0.000888 0.000000 1.000000 
531 148.896027 198.452454 0.000000 0.001224 -0.000873 0.000000 1.000000 
532 154.042282 199.591858 0.000000 0.000103 0.001023 0.000000 1.000000 
533 146.050629 199.103088 0.000000 0.000228 -0.001004 0.000000 1.000000 
534 147.136230 197.319855 0.000000 0.000715 -0.000764 0.000000 1.000000 
535 148.989029 202.794632 0.000000 -0.001131 -0.000409 0.000000 1.000000 
536 149.161789 197.541153 0.000000 0.001217 -0.000415 0.000000 1.000000 
537 148.301697 203.117340 0.000000 -0.000966 -0.000526 0.000000 1.000000 
538 150.713654 202.544983 0.000000 -0.001228 0.000344 0.000000 1.000000 
539 147.854172 197.458176 0.000000 0.000868 -0.000733 0.000000 1.000000 
540 151.141647 202.522812 0.000000 -0.001135 0.000514 0.000000 1.000000 
541 149.365570 196.020203 0.000000 0.001020 -0.000163 0.000000 1.000000 
542 150.235458 195.964523 0.000000 0.001029 0.000060 0.000000 1.000000 
543 148.282135 203.856491 0.000000 -0.000921 -0.000410 0.000000 1.000000 
544 150.429764 197.795731 0.000000 0.001358 0.000265 0.000000 1.000000 
545 148.854095 196.247879 0.000000 0.001001 -0.000306 0.000000 1.000000 
546 152.741165 199.880478 0.000000 0.000055 0.001250 0.000000 1.000000 
547 151.183868 198.323151 0.000000 0.001182 0.000834 0.000000 1.000000 
548 147.214554 197.586578 0.000000 0.000707 -0.000816 0.000000 1.000000 
549 149.858887 202.727417 0.000000 -0.001253 -0.000065 0.000000 1.000000 
550 149.352463 200.708679 0.000000 -0.001562 -0.001427 0.000000 1.000000 
551 151.943405 202.145691 0.000000 -0.000903 0.000818 0.000000 1.000000 
552 146.223419 198.330933 0.000000 0.000412 -0.000933 0.000000 1.000000 
553 150.779251 197.518448 0.000000 0.001226 0.000385 0.000000 1.000000 
554 152.967087 199.050903 0.000000 0.000358 0.001119 0.000000 1.000000 
555 147.379898 203.319550 0.000000 -0.000791 -0.000624 0.000000 1.000000 
556 148.324310 199.341980 0.000000 0.000565 -0.001438 0.000000 1.000000 
557 151.241989 202.754837 0.000000 -0.001087 0.000490 0.000000 1.000000 
558 151.038849 195.998260 0.000000 0.000987 0.000256 0.000000 1.000000 
559 150.104279 199.112671 0.000000 0.002178 0.000256 0.000000 1.000000 
560 151.226822 198.837173 0.000000 0.001097 0.001157 0.000000 1.000000 
561 153.292526 199.636703 0.000000 0.000125 0.001132 0.000000 1.000000 
562 149.864044 195.651581 0.000000 0.000993 -0.000031 0.000000 1.000000 
563 149.240387 203.039444 0.000000 -0.001136 -0.000284 0.000000 1.000000 
564 148.855652 203.085190 0.000000 -0.001071 -0.000397 0.000000 1.000000 
565 149.536530 198.882172 0.000000 0.001741 -0.000722 0.000000 1.000000 
566 153.469940 201.718552 0.000000 -0.000467 0.000944 0.000000 1.000000 
567 150.460800 200.046417 0.000000 -0.000305 0.003030 0.000000 1.000000 
568 150.433502 198.842331 0.000000 0.001746 0.000654 0.000000 1.000000 
569 153.935669 199.957031 0.000000 0.000011 0.001045 0.000000 1.000000 
570 152.064774 199.966827 0.000000 0.000023 0.001442 0.000000 1.000000 
571 148.236023 196.810059 0.000000 0.000950 -0.000525 0.000000 1.000000 
572 147.974152 198.994659 0.000000 0.000613 -0.001235 0.000000 1.000000 
573 153.268768 201.300323 0.000000 -0.000408 0.001027 0.000000 1.000000 
574 151.481934 198.597855 0.000000 0.000997 0.001054 0.000000 1.000000 
575 149.403870 197.697784 0.000000 0.001301 -0.000337 0.000000 1.000000 
576 149.217331 203.262344 0.000000 -0.001100 -0.000264 0.000000 1.000000 
577 146.775177 200.627167 0.000000 -0.000218 -0.001123 0.000000 1.000000 
578 147.303848 197.813400 0.000000 0.000701 -0.000864 0.000000 1.000000 
579 147.547409 202.424835 0.000000 -0.000785 -0.000794 0.000000 1.000000 
580 147.365601 198.696640 0.000000 0.000536 -0.001084 0.000000 1.000000 
581 151.113525 201.606369 0.000000 -0.001218 0.000845 0.000000 1.000000 
582 148.711624 204.081284 0.000000 -0.000955 -0.000302 0.000000 1.000000 
583 151.589569 203.231735 0.000000 -0.000980 0.000482 0.000000 1.000000 
584 149.764938 196.277283 0.000000 0.001071 -0.000068 0.000000 1.000000 
585 150.752686 195.623260 0.000000 0.000969 0.000167 0.000000 1.000000 
586 148.137360 201.130951 0.000000 -0.000729 -0.001200 0.000000 1.000000 
587 147.803619 201.179504 0.000000 -0.000621 -0.001156 0.000000 1.000000 
588 152.946899 201.843002 0.000000 -0.000590 0.000943 0.000000 1.000000 
589 151.166061 201.580460 0.000000 -0.001190 0.000878 0.000000 1.000000 
590 154.389542 199.740784 0.000000 0.000058 0.000987 0.000000 1.000000 
591 150.664566 203.672302 0.000000 -0.001056 0.000191 0.000000 1.000000 
592 150.065140 201.363846 0.000000 -0.001772 0.000085 0.000000 1.000000 
593 150.730911 203.804840 0.000000 -0.001034 0.000199 0.000000 1.000000 
594 149.731827 196.978287 0.000000 0.001185 -0.000105 0.000000 1.000000 
595 152.595505 200.637924 0.000000 -0.000303 0.001231 0.000000 1.000000 
596 151.364655 203.515808 0.000000 -0.000995 0.000386 0.000000 1.000000 
597 147.746338 196.774338 0.000000 0.000857 -0.000598 0.000000 1.000000 
598 147.477203 203.271378 0.000000 -0.000808 -0.000623 0.000000 1.000000 
599 150.464355 204.302719 0.000000 -0.000991 0.000107 0.000000 1.000000 
600 153.143539 200.173996 0.000000 -0.000065 0.001166 0.000000 1.000000 
601 147.844574 198.053787 0.000000 0.000815 -0.000903 0.000000 1.000000 
602 149.012329 198.435669 0.000000 0.001289 -0.000814 0.000000 1.000000 
603 149.240616 203.883911 0.000000 -0.001023 -0.000200 0.000000 1.000000 
604 148.322647 200.259415 0.000000 -0.000243 -0.001572 0.000000 1.000000 
605 146.376343 202.261734 0.000000 -0.000531 -0.000851 0.000000 1.000000 
606 148.710663 197.773285 0.000000 0.001118 -0.000647 0.000000 1.000000 
607 149.306198 203.707123 0.000000 -0.001049 -0.000196 0.000000 1.000000 
608 150.264542 200.488647 0.000000 -0.002445 0.001324 0.000000 1.000000 
609 150.035477 199.642075 0.000000 0.003439 0.000341 0.000000 1.000000 
610 153.494141 201.957230 0.000000 -0.000506 0.000904 0.000000 1.000000 
611 152.617371 202.636536 0.000000 -0.000763 0.000758 0.000000 1.000000 
612 153.966324 198.789932 0.000000 0.000297 0.000974 0.000000 1.000000 
613 150.885742 201.692566 0.000000 -0.001329 0.000695 0.000000 1.000000 
614 147.792267 202.214371 0.000000 -0.000830 -0.000828 0.000000 1.000000 
615 149.463715 203.844650 0.000000 -0.001042 -0.000145 0.000000 1.000000 
616 152.716110 202.512009 0.000000 -0.000732 0.000791 0.000000 1.000000 
617 148.921875 200.661942 0.000000 -0.000964 -0.001570 0.000000 1.000000 
618 152.558350 196.678741 0.000000 0.000802 0.000618 0.000000 1.000000 
619 148.991013 203.944595 0.000000 -0.000995 -0.000255 0.000000 1.000000 
620 153.986938 199.110199 0.000000 0.000223 0.001001 0.000000 1.000000 
621 146.779968 200.070206 0.000000 -0.000025 -0.001155 0.000000 1.000000 
622 153.484909 199.915985 0.000000 0.000027 0.001110 0.000000 1.000000 
623 146.991943 198.968109 0.000000 0.000377 -0.001099 0.000000 1.000000 
624 151.593536 198.867111 0.000000 0.000859 0.001208 0.000000 1.000000 
625 147.997177 197.374481 0.000000 0.000907 -0.000692 0.000000 1.000000 
626 147.884399 198.213867 0.000000 0.000804 -0.000952 0.000000 1.000000 
627 150.315781 204.420303 0.000000 -0.000982 0.000070 0.000000 1.000000 
628 150.189560 197.278259 0.000000 0.001252 0.000087 0.000000 1.000000 
629 146.818314 199.555588 0.000000 0.000160 -0.001145 0.000000 1.000000 
630 148.828217 203.373962 0.000000 -0.001036 -0.000360 0.000000 1.000000 
631 146.643387 199.944824 0.000000 0.000019 -0.001131 0.000000 1.000000 
632 145.869278 201.429382 0.000000 -0.000324 -0.000937 0.000000 1.000000 
633 151.367188 198.701294 0.000000 0.001040 0.001094 0.000000 1.000000 
634 152.551041 200.931030 0.000000 -0.000431 0.001182 0.000000 1.000000 
635 151.221115 200.965118 0.000000 -0.001030 0.001303 0.000000 1.000000 
636 149.283096 199.417969 0.000000 0.001359 -0.001675 0.000000 1.000000 
637 151.223038 200.066986 0.000000 -0.000102 0.001870 0.000000 1.000000 
638 149.906998 197.243149 0.000000 0.001247 -0.000042 0.000000 1.000000 
639 154.106323 200.526993 0.000000 -0.000130 0.001010 0.000000 1.000000 
640 146.476242 197.508270 0.000000 0.000576 -0.000815 0.000000 1.000000 
641 151.137222 197.478455 0.000000 0.001136 0.000512 0.000000 1.000000 
642 151.097015 196.910812 0.000000 0.001079 0.000383 0.000000 1.000000 
643 146.600128 199.910843 0.000000 0.000029 -0.001124 0.000000 1.000000 
644 147.932922 199.008636 0.000000 0.000592 -0.001234 0.000000 1.000000 
645 151.590576 202.498932 0.000000 -0.001016 0.000647 0.000000 1.000000 
646 149.062759 203.623871 0.000000 -0.001037 -0.000268 0.000000 1.000000 
647 152.863525 199.328323 0.000000 0.000276 0.001177 0.000000 1.000000 
648 150.617142 203.919617 0.000000 -0.001028 0.000162 0.000000 1.000000 
649 153.450027 202.199005 0.000000 -0.000551 0.000864 0.000000 1.000000 
650 153.155823 202.184906 0.000000 -0.000602 0.000870 0.000000 1.000000 
651 146.526749 201.511154 0.000000 -0.000425 -0.000977 0.000000 1.000000 
652 148.062057 203.487747 0.000000 -0.000907 -0.000504 0.000000 1.000000 
653 154.229691 200.765366 0.000000 -0.000178 0.000984 0.000000 1.000000 
654 151.684067 202.078384 0.000000 -0.000985 0.000798 0.000000 1.000000 
655 153.605530 197.553452 0.000000 0.000558 0.000822 0.000000 1.000000 
656 152.295242 198.660202 0.000000 0.000641 0.001098 0.000000 1.000000 
657 145.945450 201.580017 0.000000 -0.000361 -0.000926 0.000000 1.000000 
658 153.080902 198.536194 0.000000 0.000482 0.001014 0.000000 1.000000 
659 151.007751 196.014145 0.000000 0.000991 0.000251 0.000000 1.000000 
660 148.470139 196.626984 0.000000 0.000981 -0.000445 0.000000 1.000000 
661 145.876755 199.044418 0.000000 0.000227 -0.000981 0.000000 1.000000 
662 152.385849 199.993713 0.000000 0.000004 0.001342 0.000000 1.000000 
663 150.727570 197.873505 0.000000 0.001308 0.000448 0.000000 1.000000 
664 153.107315 199.910034 0.000000 0.000034 0.001175 0.000000 1.000000 
665 148.493759 198.112625 0.000000 0.001043 -0.000832 0.000000 1.000000 
666 146.595612 201.268494 0.000000 -0.000380 -0.001019 0.000000 1.000000 
667 151.574829 202.131760 0.000000 -0.001024 0.000756 0.000000 1.000000 
668 147.551392 198.619064 0.000000 0.000607 -0.001077 0.000000 1.000000 
669 146.943054 202.538177 0.000000 -0.000664 -0.000800 0.000000 1.000000 
670 151.367828 197.546249 0.000000 0.001080 0.000602 0.000000 1.000000 
671 146.847473 201.683136 0.000000 -0.000516 -0.000967 0.000000 1.000000 
672 152.826462 197.445160 0.000000 0.000712 0.000788 0.000000 1.000000 
673 147.054962 199.007050 0.000000 0.000376 -0.001114 0.000000 1.000000 
674 149.466568 199.518356 0.000000 0.001638 -0.001815 0.000000 1.000000 
675 151.580673 198.060013 0.000000 0.001016 0.000828 0.000000 1.000000 
676 151.299240 198.700989 0.000000 0.001081 0.001081 0.000000 1.000000 
677 148.069611 200.886993 0.000000 -0.000594 -0.001292 0.000000 1.000000 
678 148.982864 202.005905 0.000000 -0.001233 -0.000625 0.000000 1.000000 
679 147.370743 197.442871 0.000000 0.000755 -0.000776 0.000000 1.000000 
680 152.904999 200.715012 0.000000 -0.000286 0.001164 0.000000 1.000000 
681 151.443848 199.546036 0.000000 0.000505 0.001607 0.000000 1.000000 
682 146.406586 197.562317 0.000000 0.000558 -0.000823 0.000000 1.000000 
683 149.174423 199.338715 0.000000 0.001260 -0.001573 0.000000 1.000000 
684 153.611938 202.186844 0.000000 -0.000522 0.000863 0.000000 1.000000 
685 150.818878 203.134735 0.000000 -0.001114 0.000291 0.000000 1.000000 
686 148.061142 200.246490 0.000000 -0.000187 -0.001471 0.000000 1.000000 
687 152.044586 196.947601 0.000000 0.000898 0.000602 0.000000 1.000000 
688 152.464096 200.008682 0.000000 -0.000005 0.001320 0.000000 1.000000 
689 153.005447 202.345276 0.000000 -0.000653 0.000837 0.000000 1.000000 
690 150.316833 201.212204 0.000000 -0.001792 0.000468 0.000000 1.000000 
691 152.802338 199.500458 0.000000 0.000216 0.001209 0.000000 1.000000 
692 153.507095 197.380844 0.000000 0.000593 0.000794 0.000000 1.000000 
693 150.565674 198.259171 0.000000 0.001457 0.000473 0.000000 1.000000 
694 153.715256 200.378891 0.000000 -0.000109 0.001067 0.000000 1.000000 
695 148.297546 201.355865 0.000000 -0.000875 -0.001099 0.000000 1.000000 
696 149.694122 201.981949 0.000000 -0.001447 -0.000223 0.000000 1.000000 
697 152.035477 203.889191 0.000000 -0.000876 0.000459 0.000000 1.000000 
698 146.516312 199.683533 0.000000 0.000100 -0.001104 0.000000 1.000000 
699 148.126175 197.019577 0.000000 0.000935 -0.000588 0.000000 1.000000 
700 151.516556 204.030930 0.000000 -0.000935 0.000352 0.000000 1.000000 
701 150.130585 200.242538 0.000000 -0.003477 0.001872 0.000000 1.000000 
702 148.260193 199.449692 0.000000 0.000463 -0.001463 0.000000 1.000000 
703 147.935104 201.833664 0.000000 -0.000828 -0.000933 0.000000 1.000000 
704 151.565979 200.715347 0.000000 -0.000656 0.001437 0.000000 1.000000 
705 152.161148 198.492111 0.000000 0.000731 0.001047 0.000000 1.000000 
706 146.468124 202.581619 0.000000 -0.000585 -0.000800 0.000000 1.000000 
707 148.041824 201.032959 0.000000 -0.000650 -0.001232 0.000000 1.000000 
708 151.378784 195.795395 0.000000 0.000936 0.000307 0.000000 1.000000 
709 148.327484 198.438293 0.000000 0.000935 -0.001001 0.000000 1.000000 
710 149.492203 197.448532 0.000000 0.001260 -0.000251 0.000000 1.000000 
711 148.087616 200.968765 0.000000 -0.000640 -0.001263 0.000000 1.000000 
712 152.331039 202.695099 0.000000 -0.000830 0.000718 0.000000 1.000000 
713 149.848526 202.626419 0.000000 -0.001276 -0.000074 0.000000 1.000000 
714 149.080109 199.354568 0.000000 0.001123 -0.001601 0.000000 1.000000 
715 151.555908 197.754181 0.000000 0.001031 0.000714 0.000000 1.000000 
716 148.834015 202.730118 0.000000 -0.001106 -0.000472 0.000000 1.000000 
717 153.325317 201.436478 0.000000 -0.000432 0.001000 0.000000 1.000000 
718 149.918518 199.563019 0.000000 0.003056 -0.000570 0.000000 1.000000 
719 148.090897 201.469559 0.000000 -0.000815 -0.001058 0.000000 1.000000 
720 150.344360 202.942368 0.000000 -0.001196 0.000140 0.000000 1.000000 
721 152.882629 197.785995 0.000000 0.000662 0.000862 0.000000 1.000000 
722 148.206558 197.409897 0.000000 0.000960 -0.000665 0.000000 1.000000 
723 149.020081 199.873306 0.000000 0.000267 -0.002068 0.000000 1.000000 
724 146.791290 197.191895 0.000000 0.000661 -0.000755 0.000000 1.000000 
725 150.074265 201.709442 0.000000 -0.001583 0.000069 0.000000 1.000000 
726 153.595169 197.978622 0.000000 0.000500 0.000890 0.000000 1.000000 
727 153.348770 198.168762 0.000000 0.000509 0.000931 0.000000 1.000000 
728 150.164551 199.905914 0.000000 0.002363 0.004133 0.000000 1.000000 
729 147.209122 196.787567 0.000000 0.000758 -0.000659 0.000000 1.000000 
730 148.220200 196.532990 0.000000 0.000934 -0.000479 0.000000 1.000000 
731 149.240540 203.950760 0.000000 -0.001015 -0.000195 0.000000 1.000000 
732 153.775574 199.401566 0.000000 0.000166 0.001047 0.000000 1.000000 
733 151.532639 200.788177 0.000000 -0.000722 0.001404 0.000000 1.000000 
734 147.158142 200.155594 0.000000 -0.000067 -0.001227 0.000000 1.000000 
735 148.384857 201.455505 0.000000 -0.000941 -0.001044 0.000000 1.000000 
736 150.043106 196.074493 0.000000 0.001046 0.000011 0.000000 1.000000 
737 148.988205 201.098679 0.000000 -0.001248 -0.001149 0.000000 1.000000 
738 152.919281 198.365677 0.000000 0.000554 0.000989 0.000000 1.000000 
739 146.552826 199.748093 0.000000 0.000081 -0.001112 0.000000 1.000000 
740 153.080048 197.210144 0.000000 0.000683 0.000754 0.000000 1.000000 
741 150.072922 197.779495 0.000000 0.001390 0.000046 0.000000 1.000000 
742 148.909119 203.328308 0.000000 -0.001052 -0.000345 0.000000 1.000000 
743 147.619217 198.752747 0.000000 0.000587 -0.001120 0.000000 1.000000 
744 151.461487 200.895737 0.000000 -0.000827 0.001350 0.000000 1.000000 
745 153.784424 200.411682 0.000000 -0.000115 0.001056 0.000000 1.000000 
746 145.794022 198.631927 0.000000 0.000305 -0.000937 0.000000 1.000000 
747 149.697052 196.745422 0.000000 0.001141 -0.000106 0.000000 1.000000 
748 152.645157 199.111938 0.000000 0.000395 0.001176 0.000000 1.000000 
749 148.150131 203.283142 0.000000 -0.000930 -0.000524 0.000000 1.000000 
750 147.432007 201.432404 0.000000 -0.000589 -0.001056 0.000000 1.000000 
751 148.496246 202.425049 0.000000 -0.001043 -0.000647 0.000000 1.000000 
752 154.339188 199.974503 0.000000 0.000006 0.000995 0.000000 1.000000 
753 149.282776 199.991821 0.000000 0.000028 -0.002447 0.000000 1.000000 
754 152.877258 202.591278 0.000000 -0.000705 0.000783 0.000000 1.000000 
755 152.265442 199.161957 0.000000 0.000463 0.001251 0.000000 1.000000 
756 148.076324 199.552155 0.000000 0.000334 -0.001436 0.000000 1.000000 
757 151.328415 197.663635 0.000000 0.001099 0.000625 0.000000 1.000000 
758 152.773117 200.279526 0.000000 -0.000125 0.001235 0.000000 1.000000 
759 150.282120 197.673462 0.000000 0.001344 0.000163 0.000000 1.000000 
760 152.631149 201.610107 0.000000 -0.000616 0.001007 0.000000 1.000000 
761 150.936813 198.540085 0.000000 0.001324 0.000850 0.000000 1.000000 
762 148.674149 199.325851 0.000000 0.000770 -0.001515 0.000000 1.000000 
763 149.128403 200.522522 0.000000 -0.001057 -0.001763 0.000000 1.000000 
764 153.446350 199.905930 0.000000 0.000030 0.001116 0.000000 1.000000 
765 151.003387 203.319534 0.000000 -0.001065 0.000322 0.000000 1.000000 
766 148.332031 199.626617 0.000000 0.000346 -0.001547 0.000000 1.000000 
767 153.082977 197.263474 0.000000 0.000678 0.000763 0.000000 1.000000 
768 151.892410 203.311066 0.000000 -0.000921 0.000527 0.000000 1.000000 
769 150.629501 198.509689 0.000000 0.001501 0.000634 0.000000 1.000000 
770 153.781418 197.975449 0.000000 0.000472 0.000882 0.000000 1.000000 
771 152.366714 199.544601 0.000000 0.000252 0.001311 0.000000 1.000000 
772 146.850159 197.134171 0.000000 0.000676 -0.000743 0.000000 1.000000 
773 147.193024 197.783630 0.000000 0.000679 -0.000860 0.000000 1.000000 
774 148.135208 202.227188 0.000000 -0.000932 -0.000781 0.000000 1.000000 
775 151.025299 196.117676 0.000000 0.001000 0.000264 0.000000 1.000000 
776 151.508118 200.973633 0.000000 -0.000839 0.001300 0.000000 1.000000 
777 151.888535 196.968765 0.000000 0.000931 0.000580 0.000000 1.000000 
778 150.015289 199.511444 0.000000 0.002963 0.000093 0.000000 1.000000 
779 153.564957 197.797440 0.000000 0.000532 0.000861 0.000000 1.000000 
780 149.295349 197.802032 0.000000 0.001299 -0.000416 0.000000 1.000000 
781 151.323151 198.319534 0.000000 0.001114 0.000877 0.000000 1.000000 
782 146.514267 202.097656 0.000000 -0.000530 -0.000880 0.000000 1.000000 
783 149.787903 195.680054 0.000000 0.000995 -0.000049 0.000000 1.000000 
784 150.396606 201.654800 0.000000 -0.001545 0.000370 0.000000 1.000000 
785 152.613922 199.648773 0.000000 0.000170 0.001265 0.000000 1.000000 
786 147.989517 203.963959 0.000000 -0.000877 -0.000445 0.000000 1.000000 
787 151.763306 201.206879 0.000000 -0.000801 0.001170 0.000000 1.000000 
788 148.870926 201.510040 0.000000 -0.001209 -0.000904 0.000000 1.000000 
789 152.960403 200.629150 0.000000 -0.000248 0.001165 0.000000 1.000000 
790 147.992447 202.331024 0.000000 -0.000895 -0.000771 0.000000 1.000000 
791 148.623322 197.676224 0.000000 0.001085 -0.000643 0.000000 1.000000 
792 150.050034 201.324966 0.000000 -0.001799 0.000068 0.000000 1.000000 
793 150.156952 201.488449 0.000000 -0.001685 0.000178 0.000000 1.000000 
794 153.356186 197.399963 0.000000 0.000616 0.000795 0.000000 1.000000 
795 152.161591 197.734329 0.000000 0.000847 0.000809 0.000000 1.000000 
796 152.820724 198.043945 0.000000 0.000638 0.000919 0.000000 1.000000 
797 147.351959 198.972641 0.000000 0.000445 -0.001147 0.000000 1.000000 
798 147.638306 201.642181 0.000000 -0.000698 -0.001003 0.000000 1.000000 
799 152.365845 200.142014 0.000000 -0.000081 0.001344 0.000000 1.000000 
800 146.261002 199.688309 0.000000 0.000089 -0.001066 0.000000 1.000000 
801 147.392624 199.531693 0.000000 0.000225 -0.001253 0.000000 1.000000 
802 146.713104 200.391769 0.000000 -0.000135 -0.001131 0.000000 1.000000 
803 150.397888 199.556961 0.000000 0.001998 0.001795 0.000000 1.000000 
804 152.873062 201.343399 0.000000 -0.000493 0.001054 0.000000 1.000000 
805 149.661285 203.690598 0.000000 -0.001072 -0.000098 0.000000 1.000000 
806 150.445724 197.723068 0.000000 0.001335 0.000261 0.000000 1.000000 
807 150.594742 200.067947 0.000000 -0.000304 0.002662 0.000000 1.000000 
808 150.588242 199.380341 0.000000 0.001626 0.001544 0.000000 1.000000 
809 152.446060 201.031433 0.000000 -0.000494 0.001172 0.000000 1.000000 
810 149.571533 202.465073 0.000000 -0.001291 -0.000224 0.000000 1.000000 
811 151.631500 196.925781 0.000000 0.000981 0.000521 0.000000 1.000000 
812 150.327271 202.783112 0.000000 -0.001230 0.000145 0.000000 1.000000 
813 150.078186 202.207977 0.000000 -0.001394 0.000049 0.000000 1.000000 
814 146.547241 199.651001 0.000000 0.000112 -0.001107 0.000000 1.000000 
815 150.198746 196.465317 0.000000 0.001100 0.000062 0.000000 1.000000 
816 150.042404 198.286850 0.000000 0.001583 0.000039 0.000000 1.000000 
817 152.532761 198.756744 0.000000 0.000544 0.001108 0.000000 1.000000 
818 147.763290 203.274521 0.000000 -0.000859 -0.000587 0.000000 1.000000 
819 152.153778 199.962784 0.000000 0.000024 0.001412 0.000000 1.000000 
820 145.733521 200.838776 0.000000 -0.000192 -0.000975 0.000000 1.000000 
821 145.910721 199.408813 0.000000 0.000146 -0.001009 0.000000 1.000000 
822 154.195847 200.274231 0.000000 -0.000066 0.001009 0.000000 1.000000 
823 147.639435 199.609238 0.000000 0.000219 -0.001322 0.000000 1.000000 
824 151.873260 202.928574 0.000000 -0.000936 0.000599 0.000000 1.000000 
825 152.702377 203.251526 0.000000 -0.000775 0.000644 0.000000 1.000000 
826 147.545944 202.442978 0.000000 -0.000786 -0.000789 0.000000 1.000000 
827 149.957962 197.579102 0.000000 0.001332 -0.000023 0.000000 1.000000 
828 150.619232 204.197662 0.000000 -0.000995 0.000147 0.000000 1.000000 
829 150.961487 198.108200 0.000000 0.001268 0.000645 0.000000 1.000000 
830 148.393021 200.207458 0.000000 -0.000208 -0.001615 0.000000 1.000000 
831 148.232513 200.567139 0.000000 -0.000465 -0.001449 0.000000 1.000000 
832 148.154831 199.633759 0.000000 0.000294 -0.001482 0.000000 1.000000 
833 145.773987 199.137451 0.000000 0.000200 -0.000978 0.000000 1.000000 
834 148.327805 198.945099 0.000000 0.000786 -0.001247 0.000000 1.000000 
835 146.841522 201.196945 0.000000 -0.000400 -0.001055 0.000000 1.000000 
836 149.981827 199.808136 0.000000 0.004700 -0.000445 0.000000 1.000000 
837 153.720352 199.576523 0.000000 0.000121 0.001064 0.000000 1.000000 
838 147.262787 201.847641 0.000000 -0.000638 -0.000945 0.000000 1.000000 
839 146.841537 201.708527 0.000000 -0.000520 -0.000962 0.000000 1.000000 
840 151.065796 197.515594 0.000000 0.001159 0.000497 0.000000 1.000000 
841 153.040009 203.120102 0.000000 -0.000711 0.000693 0.000000 1.000000 
842 152.481735 201.873367 0.000000 -0.000708 0.000938 0.000000 1.000000 
843 150.099564 197.111862 0.000000 0.001219 0.000042 0.000000 1.000000 
844 147.670685 198.842529 0.000000 0.000572 -0.001151 0.000000 1.000000 
845 150.292221 195.841553 0.000000 0.001013 0.000071 0.000000 1.000000 
846 146.368073 201.240768 0.000000 -0.000342 -0.001001 0.000000 1.000000 
847 147.815643 196.449982 0.000000 0.000865 -0.000532 0.000000 1.000000 
848 151.520050 203.344269 0.000000 -0.000984 0.000447 0.000000 1.000000 
849 152.643463 198.651672 0.000000 0.000547 0.001072 0.000000 1.000000 
850 148.782547 203.212448 0.000000 -0.001046 -0.000396 0.000000 1.000000 
851 153.564178 197.674179 0.000000 0.000549 0.000841 0.000000 1.000000 
852 153.413971 199.976349 0.000000 0.000008 0.001122 0.000000 1.000000 
853 152.095673 202.894760 0.000000 -0.000888 0.000643 0.000000 1.000000 
854 147.297958 199.914978 0.000000 0.000040 -0.001260 0.000000 1.000000 
855 148.040283 199.114609 0.000000 0.000582 -0.001288 0.000000 1.000000 
856 151.545364 203.604294 0.000000 -0.000962 0.000412 0.000000 1.000000 
857 149.766449 204.114288 0.000000 -0.001019 -0.000058 0.000000 1.000000 
858 151.463455 201.043076 0.000000 -0.000897 0.001259 0.000000 1.000000 
859 145.997025 198.490051 0.000000 0.000354 -0.000938 0.000000 1.000000 
860 153.746918 197.960892 0.000000 0.000480 0.000881 0.000000 1.000000 
861 147.429153 202.243622 0.000000 -0.000738 -0.000845 0.000000 1.000000 
862 151.639099 198.278687 0.000000 0.000974 0.000927 0.000000 1.000000 
863 148.790741 198.623688 0.000000 0.001150 -0.001011 0.000000 1.000000 
864 147.820129 203.647598 0.000000 -0.000863 -0.000516 0.000000 1.000000 
865 151.025696 201.091202 0.000000 -0.001234 0.001160 0.000000 1.000000 
866 154.296143 200.127609 0.000000 -0.000030 0.000999 0.000000 1.000000 
867 149.017456 202.700439 0.000000 -0.001149 -0.000418 0.000000 1.000000 
868 147.958954 197.186920 0.000000 0.000900 -0.000653 0.000000 1.000000 
869 149.822784 203.428452 0.000000 -0.001117 -0.000058 0.000000 1.000000 
870 148.511658 197.213562 0.000000 0.001029 -0.000549 0.000000 1.000000 
871 148.185181 198.607040 0.000000 0.000834 -0.001087 0.000000 1.000000 
872 148.428253 201.742172 0.000000 -0.001005 -0.000906 0.000000 1.000000 
873 151.388168 202.861908 0.000000 -0.001046 0.000507 0.000000 1.000000 
874 147.088974 199.158813 0.000000 0.000331 -0.001144 0.000000 1.000000 
875 152.699768 200.861465 0.000000 -0.000374 0.001173 0.000000 1.000000 
876 151.190262 196.652664 0.000000 0.001036 0.000368 0.000000 1.000000 
877 148.353226 200.211029 0.000000 -0.000204 -0.001596 0.000000 1.000000 
878 153.320023 200.623627 0.000000 -0.000208 0.001108 0.000000 1.000000 
879 152.479675 202.903290 0.000000 -0.000807 0.000689 0.000000 1.000000 
880 149.230576 198.159637 0.000000 0.001354 -0.000566 0.000000 1.000000 
881 151.049057 203.669189 0.000000 -0.001020 0.000292 0.000000 1.000000 
882 148.031021 202.058228 0.000000 -0.000887 -0.000849 0.000000 1.000000 
883 148.562164 198.112976 0.000000 0.001070 -0.000816 0.000000 1.000000 
884 153.718201 199.836853 0.000000 0.000047 0.001073 0.000000 1.000000 
885 152.252731 203.088959 0.000000 -0.000856 0.000625 0.000000 1.000000 
886 148.667938 198.342911 0.000000 0.001108 -0.000891 0.000000 1.000000 
887 147.917252 197.046921 0.000000 0.000891 -0.000628 0.000000 1.000000 
888 150.272293 197.869385 0.000000 0.001403 0.000179 0.000000 1.000000 
889 147.669861 201.543884 0.000000 -0.000685 -0.001033 0.000000 1.000000 
890 153.239532 200.462006 0.000000 -0.000162 0.001134 0.000000 1.000000 
891 147.466705 197.589844 0.000000 0.000764 -0.000803 0.000000 1.000000 
892 151.640015 202.815643 0.000000 -0.000992 0.000578 0.000000 1.000000 
893 148.045929 198.518265 0.000000 0.000800 -0.001055 0.000000 1.000000 
894 149.561417 197.497955 0.000000 0.001281 -0.000225 0.000000 1.000000 
895 152.142822 202.654724 0.000000 -0.000873 0.000705 0.000000 1.000000 
896 146.377945 200.154434 0.000000 -0.000046 -0.001088 0.000000 1.000000 
897 149.475006 197.417313 0.000000 0.001251 -0.000254 0.000000 1.000000 
898 148.389572 202.409210 0.000000 -0.001012 -0.000677 0.000000 1.000000 
899 152.295700 197.789810 0.000000 0.000805 0.000836 0.000000 1.000000 
900 150.054626 196.818649 0.000000 0.001162 0.000020 0.000000 1.000000 
901 151.564774 203.189774 0.000000 -0.000987 0.000484 0.000000 1.000000 
902 146.979233 200.305847 0.000000 -0.000120 -0.001183 0.000000 1.000000 
903 152.239365 201.422180 0.000000 -0.000682 0.001074 0.000000 1.000000 
904 147.882950 196.110825 0.000000 0.000865 -0.000471 0.000000 1.000000 
905 153.091705 198.931686 0.000000 0.000374 0.001083 0.000000 1.000000 
906 152.906830 197.916824 0.000000 0.000638 0.000891 0.000000 1.000000 
907 148.933380 198.494370 0.000000 0.001245 -0.000882 0.000000 1.000000 
908 153.711960 199.286331 0.000000 0.000201 0.001047 0.000000 1.000000 
909 149.411255 198.730560 0.000000 0.001590 -0.000737 0.000000 1.000000 
910 147.022461 197.182495 0.000000 0.000704 -0.000744 0.000000 1.000000 
911 150.977051 197.996384 0.000000 0.001248 0.000608 0.000000 1.000000 
912 149.340164 202.348465 0.000000 -0.001278 -0.000359 0.000000 1.000000 
913 148.116547 198.778168 0.000000 0.000753 -0.001161 0.000000 1.000000 
914 153.647415 198.750519 0.000000 0.000342 0.000999 0.000000 1.000000 
915 151.225433 201.980530 0.000000 -0.001155 0.000715 0.000000 1.000000 
916 151.633987 199.206100 0.000000 0.000672 0.001383 0.000000 1.000000 
917 148.106873 198.589081 0.000000 0.000806 -0.001082 0.000000 1.000000 
918 148.108795 200.408066 0.000000 -0.000314 -0.001457 0.000000 1.000000 
919 153.288422 197.425049 0.000000 0.000625 0.000799 0.000000 1.000000 
920 150.613510 203.744003 0.000000 -0.001050 0.000172 0.000000 1.000000 
921 149.001694 199.949554 0.000000 0.000105 -0.002070 0.000000 1.000000 
922 150.224930 197.121185 0.000000 0.001216 0.000095 0.000000 1.000000 
923 149.324509 198.123322 0.000000 0.001381 -0.000497 0.000000 1.000000 
924 146.562637 201.992325 0.000000 -0.000521 -0.000900 0.000000 1.000000 
925 148.843155 201.827133 0.000000 -0.001191 -0.000754 0.000000 1.000000 
926 150.730728 195.967636 0.000000 0.001007 0.000183 0.000000 1.000000 
927 148.336121 201.898605 0.000000 -0.000981 -0.000860 0.000000 1.000000 
928 148.746231 201.705170 0.000000 -0.001148 -0.000844 0.000000 1.000000 
929 151.944244 196.914108 0.000000 0.000918 0.000579 0.000000 1.000000 
930 146.973206 201.465240 0.000000 -0.000492 -0.001017 0.000000 1.000000 
931 152.343491 201.527100 0.000000 -0.000677 0.001038 0.000000 1.000000 
932 147.564209 200.121475 0.000000 -0.000066 -0.001326 0.000000 1.000000 
933 153.183304 199.898987 0.000000 0.000037 0.001161 0.000000 1.000000 
934 148.668228 202.140320 0.000000 -0.001108 -0.000690 0.000000 1.000000 
935 153.136215 200.960495 0.000000 -0.000335 0.001094 0.000000 1.000000 
936 146.698502 200.878616 0.000000 -0.000288 -0.001084 0.000000 1.000000 
937 152.394608 197.249054 0.000000 0.000819 0.000713 0.000000 1.000000 
938 148.504974 201.765259 0.000000 -0.001040 -0.000881 0.000000 1.000000 
939 151.369888 198.238968 0.000000 0.001095 0.000852 0.000000 1.000000 
940 149.936691 201.760788 0.000000 -0.001560 -0.000056 0.000000 1.000000 
941 148.270401 199.971054 0.000000 0.000026 -0.001576 0.000000 1.000000 
942 151.504471 195.876694 0.000000 0.000929 0.000339 0.000000 1.000000 
943 153.662521 202.512527 0.000000 -0.000556 0.000811 0.000000 1.000000 
944 149.060150 202.127121 0.000000 -0.001243 -0.000549 0.000000 1.000000 
945 148.215744 196.603409 0.000000 0.000937 -0.000492 0.000000 1.000000 
946 152.010468 203.485168 0.000000 -0.000895 0.000516 0.000000 1.000000 
947 148.330154 202.132370 0.000000 -0.000992 -0.000776 0.000000 1.000000 
948 148.142151 200.723907 0.000000 -0.000533 -0.001368 0.000000 1.000000 
949 151.522141 201.993637 0.000000 -0.001040 0.000794 0.000000 1.000000 
950 146.923126 199.596039 0.000000 0.000153 -0.001167 0.000000 1.000000 
951 145.688950 199.695648 0.000000 0.000070 -0.000995 0.000000 1.000000 
952 149.753098 196.929489 0.000000 0.001177 -0.000095 0.000000 1.000000 
953 152.125732 196.650375 0.000000 0.000879 0.000558 0.000000 1.000000 
954 148.383408 198.430634 0.000000 0.000962 -0.000991 0.000000 1.000000 
955 150.743469 199.073624 0.000000 0.001483 0.001190 0.000000 1.000000 
956 148.795502 196.580063 0.000000 0.001027 -0.000362 0.000000 1.000000 
957 149.782547 197.879761 0.000000 0.001412 -0.000145 0.000000 1.000000 
958 150.963699 202.894867 0.000000 -0.001126 0.000375 0.000000 1.000000 
959 149.192749 200.393478 0.000000 -0.000958 -0.001966 0.000000 1.000000 
960 147.342590 197.625076 0.000000 0.000732 -0.000819 0.000000 1.000000 
961 147.570847 200.160080 0.000000 -0.000087 -0.001326 0.000000 1.000000 
962 151.626175 198.447510 0.000000 0.000955 0.001000 0.000000 1.000000 
963 148.380203 202.708832 0.000000 -0.001001 -0.000599 0.000000 1.000000 
964 148.704391 196.775604 0.000000 0.001032 -0.000415 0.000000 1.000000 
965 153.354034 199.457504 0.000000 0.000180 0.001110 0.000000 1.000000 
966 149.355225 197.928574 0.000000 0.001344 -0.000418 0.000000 1.000000 
967 149.872147 201.119690 0.000000 -0.001940 -0.000222 0.000000 1.000000 
968 150.546188 201.504852 0.000000 -0.001540 0.000559 0.000000 1.000000 
969 146.953506 201.503204 0.000000 -0.000498 -0.001008 0.000000 1.000000 
970 150.546936 200.946350 0.000000 -0.001716 0.000992 0.000000 1.000000 
971 148.661514 203.531387 0.000000 -0.000997 -0.000378 0.000000 1.000000 
972 148.784744 200.751389 0.000000 -0.000912 -0.001475 0.000000 1.000000 
973 151.905304 196.979858 0.000000 0.000928 0.000585 0.000000 1.000000 
974 148.284882 202.927933 0.000000 -0.000971 -0.000569 0.000000 1.000000 
975 152.951996 202.747498 0.000000 -0.000703 0.000756 0.000000 1.000000 
976 150.246429 200.101929 0.000000 -0.001534 0.003709 0.000000 1.000000 
977 150.281219 204.198456 0.000000 -0.001008 0.000068 0.000000 1.000000 
978 146.482071 197.428467 0.000000 0.000586 -0.000802 0.000000 1.000000 
979 151.968445 202.814743 0.000000 -0.000916 0.000641 0.000000 1.000000 
980 148.670395 203.108444 0.000000 -0.001036 -0.000443 0.000000 1.000000 
981 153.391418 198.713654 0.000000 0.000386 0.001018 0.000000 1.000000 
982 148.811096 201.619019 0.000000 -0.001179 -0.000866 0.000000 1.000000 
983 153.383621 198.321533 0.000000 0.000474 0.000955 0.000000 1.000000 
984 147.379944 196.608368 0.000000 0.000792 -0.000612 0.000000 1.000000 
985 146.728943 199.460892 0.000000 0.000185 -0.001123 0.000000 1.000000 
986 152.299210 197.824295 0.000000 0.000801 0.000846 0.000000 1.000000 
987 148.109146 197.642212 0.000000 0.000930 -0.000746 0.000000 1.000000 
988 150.987030 201.328003 0.000000 -0.001293 0.000961 0.000000 1.000000 
989 150.434174 202.549728 0.000000 -0.001271 0.000216 0.000000 1.000000 
990 149.377182 199.413055 0.000000 0.001537 -0.001631 0.000000 1.000000 
991 147.947510 202.742661 0.000000 -0.000897 -0.000671 0.000000 1.000000 
992 151.439529 203.333817 0.000000 -0.000999 0.000431 0.000000 1.000000 
993 148.442032 197.090286 0.000000 0.001006 -0.000539 0.000000 1.000000 
994 152.912476 199.241272 0.000000 0.000301 0.001156 0.000000 1.000000 
995 147.759766 196.881638 0.000000 0.000859 -0.000617 0.000000 1.000000 
996 147.333282 196.453476 0.000000 0.000786 -0.000591 0.000000 1.000000 
997 147.177032 200.450714 0.000000 -0.000193 -0.001211 0.000000 1.000000 
998 147.652252 197.327469 0.000000 0.000826 -0.000725 0.000000 1.000000 
999 147.431854 201.974518 0.000000 -0.000702 -0.000913 0.000000 1.000000 
1000 145.857986 200.911850 0.000000 -0.000216 -0.000983 0.000000 1.000000 
